0.550000 16256
0.535000 16179
0.750000 16885
0.675000 16648
0.785000 16818
0.975000 17477
0.515000 16214
0.855000 16537
0.985000 17421
0.640000 16388
0.690000 16745
0.760000 16647
0.970000 17161
0.625000 16291
0.795000 16848
0.890000 17111
0.510000 16208
0.740000 16759
0.865000 17148
0.920000 17270
0.635000 16396
0.840000 16909
0.945000 17355
0.520000 16423
0.875000 17192
0.960000 17334
0.705000 16749
0.545000 16056
0.645000 16221
0.735000 16665
0.500000 16168
0.905000 17188
0.930000 17295
0.530000 16397
0.540000 16204
0.575000 16238
0.665000 16654
0.805000 16854
0.505000 16232
0.895000 17095
0.940000 17187
0.605000 16476
0.990000 17640
0.615000 16447
0.790000 16630
0.660000 16438
0.800000 16987
0.685000 16578
0.965000 17463
0.580000 16231
0.570000 16292
0.525000 16062
0.715000 16466
0.935000 17323
0.980000 17456
0.775000 16845
0.910000 17136
0.610000 16470
0.770000 16989
0.880000 16974
0.630000 16446
0.830000 16917
0.835000 17179
0.755000 17011
0.780000 16590
0.745000 16843
0.915000 17227
0.725000 16848
0.620000 16456
0.600000 16558
0.825000 17144
0.555000 16309
0.595000 16355
0.565000 16244
0.900000 17063
0.590000 16447
0.680000 16488
0.850000 17052
0.695000 16406
0.700000 16741
0.765000 16799
0.670000 16723
0.925000 17203
0.560000 16222
0.860000 17164
0.650000 16415
0.710000 16550
0.955000 17405
0.950000 17248
0.655000 16606
0.885000 17299
0.995000 17422
0.815000 16957
0.585000 16151
0.810000 17010
0.845000 17159
0.730000 16592
0.720000 16424
0.820000 16734
0.870000 17235
-------
0.750000 16885
0.785000 16818
0.975000 17477
0.985000 17421
0.690000 16745
0.970000 17161
0.795000 16848
0.890000 17111
0.740000 16759
0.865000 17148
0.920000 17270
0.840000 16909
0.945000 17355
0.875000 17192
0.960000 17334
0.705000 16749
0.905000 17188
0.930000 17295
0.805000 16854
0.895000 17095
0.940000 17187
0.990000 17640
0.800000 16987
0.965000 17463
0.935000 17323
0.980000 17456
0.775000 16845
0.910000 17136
0.770000 16989
0.880000 16974
0.830000 16917
0.835000 17179
0.755000 17011
0.745000 16843
0.915000 17227
0.725000 16848
0.825000 17144
0.900000 17063
0.850000 17052
0.765000 16799
0.925000 17203
0.860000 17164
0.955000 17405
0.950000 17248
0.885000 17299
0.995000 17422
0.815000 16957
0.810000 17010
0.845000 17159
0.870000 17235
-------
0.752233 31617
0.788120 31225
0.974144 31528
0.675000 16648
0.855000 16537
0.986531 31141
0.693151 31620
0.970586 30989
0.760000 16647
0.798682 31332
0.892423 31410
0.736196 31438
0.861551 31414
0.920279 31447
0.841537 31332
0.946182 31459
0.878144 31478
0.961845 31288
0.705061 31450
0.735000 16665
0.905760 31345
0.927616 31447
0.807771 31430
0.665000 16654
0.894724 31306
0.938390 31268
0.987140 31669
0.605000 16476
0.615000 16447
0.790000 16630
0.660000 16438
0.798550 31548
0.685000 16578
0.967847 31503
0.715000 16466
0.931802 31427
0.982888 31474
0.775766 31505
0.908578 31308
0.610000 16470
0.773356 31656
0.880745 31543
0.630000 16446
0.830982 31471
0.835368 31802
0.758692 31720
0.780000 16590
0.748522 31487
0.915866 31411
0.724584 31732
0.620000 16456
0.828956 31495
0.600000 16558
0.903499 31257
0.590000 16447
0.848868 31401
0.680000 16488
0.700000 16741
0.768939 31491
0.670000 16723
0.925768 31485
0.857093 31386
0.710000 16550
0.956452 31451
0.948024 31183
0.882022 31508
0.655000 16606
0.994115 31229
0.813645 31301
0.812239 31308
0.841312 31344
0.730000 16592
0.720000 16424
0.870208 31577
0.820000 16734
-------
0.725458 23625
0.717988 23624
0.750299 55190
0.970910 54938
0.677758 40435
0.851220 40281
0.648339 23614
0.692886 55350
0.756094 40439
0.668296 23807
0.594997 23640
0.889970 55126
0.734791 55150
0.917655 55053
0.834756 23945
0.727162 23610
0.839408 54921
0.977759 23740
0.864018 23642
0.903996 23618
0.721462 23877
0.891347 54889
0.602933 40200
0.792011 40185
0.662204 40152
0.761109 23618
0.796122 55394
0.714916 40021
0.727449 23837
0.930380 54971
0.684697 23846
0.844191 23625
0.907507 54801
0.612374 40032
0.775205 55352
0.633091 40030
0.831119 55250
0.760813 55428
0.777247 40105
0.616270 39930
0.596229 40431
0.847742 23608
0.676280 40231
0.788890 23668
0.925385 55023
0.809536 23626
0.609371 23978
0.741610 23669
0.947102 54966
0.651884 40326
0.994144 54906
0.813809 55117
0.810951 54995
0.914695 23883
0.663204 23797
0.841023 54866
0.622998 23903
0.873456 54802
0.605661 23726
0.894465 23761
0.787460 54998
0.989298 54762
0.985462 23656
0.827505 23633
0.967093 54523
0.796565 54761
0.863117 55177
0.950074 55002
0.877086 54894
0.960667 54980
0.704543 55159
0.733006 40054
0.904728 55114
0.702149 23748
0.924219 55035
0.804672 55005
0.668146 40492
0.988385 23620
0.934644 54634
0.988712 55162
0.612747 39937
0.688545 40142
0.967090 55050
0.925055 23655
0.728838 23722
0.986259 55152
0.775283 54994
0.883129 54914
0.672927 23620
0.954011 23692
0.834461 55417
0.748468 55198
0.919037 55261
0.723192 55290
0.826638 54752
0.904682 54717
0.587623 40403
0.845873 55139
0.703200 40178
0.766420 55311
0.669073 40052
0.859991 55088
0.710269 40301
0.762175 23741
0.959603 55133
0.878672 55456
0.820289 23679
0.729589 40123
0.718050 40060
0.693007 23770
0.820263 40359
0.837168 23743
-------
0.725201 59298
0.716715 59291
0.749937 90861
0.731949 35985
0.974680 91053
0.674257 76167
0.874542 35988
0.850793 76159
0.649519 59364
0.693542 90949
0.758245 75880
0.669245 59225
0.598167 59383
0.975194 35918
0.671852 35867
0.888968 91002
0.733248 91075
0.720070 35974
0.919075 90711
0.838112 59308
0.727205 59377
0.838304 90803
0.974998 59737
0.686212 36202
0.862671 59514
0.794817 35906
0.989796 36079
0.932773 35910
0.907874 59498
0.725027 59753
0.759481 35924
0.889496 90535
0.989905 35904
0.600971 76002
0.939674 35962
0.849548 36008
0.788155 75878
0.659312 75642
0.757490 59298
0.921296 36013
0.796320 91611
0.712315 75948
0.731177 59528
0.928848 90856
0.688592 59593
0.846111 59582
0.954832 35993
0.906039 90706
0.613137 75577
0.772828 91316
0.630947 75761
0.708868 35922
0.834081 91152
0.762947 91467
0.781036 76087
0.612683 75632
0.592664 76296
0.848615 59372
0.975247 35818
0.702475 35817
0.994745 36019
0.673519 76241
0.789062 59340
0.872372 36045
0.924847 90854
0.806416 59539
0.760889 35861
0.610035 59616
0.742129 59263
0.713710 35816
0.947110 90787
0.655057 75927
0.987470 36049
0.895989 35903
0.993138 91100
0.815113 90966
0.812686 90801
0.910977 59696
0.665098 59590
0.839676 90800
0.620444 59571
0.876301 90582
0.951275 36226
0.601896 59595
0.817481 35819
0.898265 59507
0.844923 35933
0.606531 35855
0.720012 35942
0.786385 90811
0.835996 35988
0.990352 90433
0.987108 59942
0.958138 35947
0.930878 35880
0.920540 35835
0.824445 59324
0.967727 90474
0.727734 36059
0.793397 90531
0.859203 91093
0.948869 90752
0.817048 35930
0.909871 36190
0.877273 90441
0.964299 91162
0.703359 91337
0.736001 75616
0.906091 91168
0.702736 59312
0.970387 36047
0.920814 90688
0.807324 90825
0.666747 76274
0.779727 36003
0.692223 35867
0.591200 35892
0.986822 59677
0.936673 90399
0.985881 91000
0.609248 75827
0.687604 75635
0.630156 35815
0.963190 90816
0.927693 59406
0.727005 59533
0.617137 36041
0.658752 35921
0.682741 35967
0.989644 91287
0.908975 35919
0.771435 90754
0.886716 90657
0.671806 59540
0.957258 59358
0.838403 91550
0.746011 91166
0.922224 91199
0.725880 91170
0.827111 90351
0.964737 36095
0.917572 35857
0.907247 90644
0.584195 76182
0.930633 36038
0.845724 91219
0.703086 76108
0.879413 36197
0.768716 90962
0.669221 75467
0.917310 35904
0.658859 35891
0.814484 36241
0.861303 90670
0.714195 76140
0.893527 36000
0.832635 35957
0.847710 35927
0.764874 59570
0.956962 90668
0.876379 91248
0.987485 35872
0.816428 59537
0.728055 75767
0.718379 75807
0.693898 59244
0.816900 76111
0.838384 59382
-------
0.698006 53190
0.976281 144104
0.899019 52996
0.976828 88702
0.668487 89225
0.781139 53050
0.867409 53159
0.719581 89342
0.920129 143698
0.978905 112380
0.809279 53407
0.617350 53450
0.863653 112155
0.792848 88763
0.986141 88697
0.586955 53143
0.900969 53040
0.935607 88539
0.909983 111876
0.722020 112962
0.759084 88704
0.663707 53254
0.682516 53320
0.690574 53410
0.661528 128340
0.686619 53373
0.792626 144362
0.715322 129044
0.730802 112639
0.691945 113110
0.844339 112765
0.965866 53428
0.916822 53221
0.614641 128822
0.776766 144349
0.630066 128578
0.706260 89025
0.899299 53128
0.764176 144548
0.781568 129244
0.610382 129000
0.590330 129731
0.993572 88871
0.754077 52992
0.828091 53173
0.615468 53197
0.732316 53402
0.789558 112262
0.674237 53590
0.762044 53110
0.740319 112471
0.725634 53249
0.715993 88762
0.616979 53007
0.673007 53154
0.855186 53077
0.705253 53311
0.988177 88779
0.995850 143698
0.814191 143731
0.813475 143755
0.910665 112865
0.843637 143735
0.621923 112659
0.874685 143504
0.591488 53101
0.950203 89295
0.818823 88829
0.845555 88652
0.605692 89045
0.843586 53067
0.718988 89114
0.693902 53383
0.835844 88586
0.991448 142769
0.986760 112413
0.968867 52978
0.967323 143505
0.660427 53048
0.726306 88970
0.689594 53190
0.919972 53116
0.862233 143923
0.816498 88767
0.880083 143361
0.707240 144543
0.732632 129084
0.903350 143936
0.922577 143533
0.803682 143854
0.772091 53151
0.594648 89199
0.986816 112709
0.937871 143476
0.983542 143455
0.601162 53042
0.590000 53424
0.689306 128565
0.629435 89087
0.681295 53394
0.925067 112406
0.725144 112546
0.658165 89472
0.683241 88961
0.991495 144196
0.771535 143649
0.671131 112590
0.957109 112609
0.743900 144283
0.922142 143724
0.815929 53284
0.962288 88905
0.917560 88713
0.928497 89210
0.844196 144163
0.945659 53153
0.832077 53027
0.661418 89065
0.764228 53244
0.811234 89259
0.860485 143715
0.710854 129170
0.845994 89067
0.988881 88366
0.970331 53241
0.818274 112346
0.731184 128842
0.819851 53250
0.840474 112095
0.862653 52976
0.729029 112469
0.715594 112410
0.747166 143849
0.732523 88769
0.793718 53153
0.670610 129485
0.871603 88985
0.852269 128784
0.671746 53032
0.647451 112476
0.690353 143835
0.922409 53298
0.755363 128770
0.671599 112571
0.594738 112375
0.890156 144353
0.735857 144348
0.840608 112446
0.726099 112347
0.838193 143529
0.689939 89558
0.602302 53289
0.888584 143492
0.987457 88708
0.602679 129239
0.938767 88595
0.850565 89065
0.784837 128762
0.914810 53097
0.755294 112497
0.920064 88970
0.756259 53257
0.872973 53362
0.925670 53188
0.740632 53317
0.927916 143780
0.957817 88804
0.907996 143436
0.837818 143876
0.954606 53202
0.665212 53422
0.850223 112006
0.974146 88825
0.703777 89280
0.605114 53361
0.676743 129391
0.676340 53053
0.759160 53024
0.869363 88778
0.673475 53180
0.924623 143927
0.809531 112545
0.763189 88613
0.609664 113332
0.753402 52992
0.950373 143638
0.657316 129139
0.896206 89021
0.727195 53096
0.663295 53467
0.725192 53623
0.666856 112939
0.601955 112636
0.898580 112149
0.785483 143865
0.960183 88593
0.931765 88695
0.920608 88972
0.827516 111974
0.589193 53157
0.774231 53091
0.790165 143542
0.706484 53325
0.951657 143484
0.913850 89185
0.968146 143956
0.827831 53049
0.705669 112392
0.970166 88566
0.879747 53157
0.663104 129544
0.777317 89038
0.712439 53281
0.693617 89009
0.734893 53560
0.611917 129289
0.894828 52975
0.845941 53125
0.925026 52996
0.959945 143813
0.706270 52995
0.620989 89452
0.715187 53146
0.935743 53081
0.615843 53275
0.646796 53115
0.911128 88708
0.888041 143446
0.627569 53008
0.841389 144586
0.729286 144365
0.824776 143121
0.908558 143191
0.587249 129442
0.736681 53062
0.703525 129170
0.878369 89264
0.767282 143661
0.669210 128718
0.921157 88933
0.670249 52999
0.728561 53260
0.896289 88927
0.834734 88927
0.767440 112698
0.955826 143479
0.873110 144400
0.609874 53190
0.721574 128400
0.690961 112462
0.967743 53000
0.816723 128895
-------
0.701943 134237
0.931876 81650
0.979412 225411
0.785438 81420
0.901744 134600
0.906912 81359
0.927359 81521
0.950343 81606
0.822470 81776
0.974139 170483
0.668573 170393
0.782671 133822
0.865034 134778
0.717534 170361
0.918685 224682
0.980639 194339
0.805630 134733
0.877813 81431
0.741870 81208
0.917334 81472
0.613892 133879
0.862720 193555
0.793905 169705
0.988478 170151
0.588971 134082
0.898481 134166
0.917565 81344
0.939276 169794
0.906527 193017
0.721925 193600
0.901362 81290
0.761418 170115
0.882051 81903
0.665739 133999
0.680195 135209
0.933256 81739
0.686832 134158
0.734783 81206
0.661157 209306
0.690492 134040
0.795170 225229
0.957410 81356
0.717272 210409
0.727714 193608
0.987442 81370
0.690403 194212
0.840849 193487
0.966397 135220
0.924037 81956
0.913674 134608
0.614401 209529
0.774217 225682
0.629058 209262
0.706853 169731
0.902491 134736
0.821595 81566
0.767552 225626
0.781309 210441
0.609900 209963
0.588016 210433
0.814061 81193
0.990555 170431
0.922500 81339
0.752101 134294
0.699031 81424
0.826375 134039
0.613688 133779
0.733882 134104
0.792443 193466
0.922539 81288
0.895775 81553
0.676996 135215
0.763690 134253
0.716057 81403
0.739657 193255
0.727327 134143
0.714347 169405
0.618941 133642
0.905346 81525
0.672883 133882
0.857028 134132
0.704403 133781
0.985160 170326
0.997125 225362
0.812400 225383
0.813542 225001
0.913564 193993
0.847082 224961
0.620710 193183
0.876376 224619
0.592937 133680
0.947952 170384
0.726840 81284
0.814873 169597
0.842920 170123
0.607774 169925
0.846795 134120
0.919230 81321
0.721920 170129
0.692578 134473
0.836817 169364
0.994585 224218
0.985687 193842
0.969454 81685
0.966729 134480
0.968949 224803
0.728085 81197
0.663089 134227
0.720027 81197
0.965581 81455
0.726401 170218
0.867347 81298
0.923987 81750
0.687611 134151
0.923419 134340
0.818612 81181
0.859719 225085
0.871212 81478
0.866801 81447
0.820483 169586
0.882491 225007
0.896375 81529
0.786611 81251
0.710645 225705
0.732248 210412
0.901513 225582
0.925266 224493
0.837752 81364
0.982478 81462
0.806219 225130
0.770660 134086
0.593270 170248
0.984555 194659
0.934547 225214
0.980515 225676
0.951233 81580
0.598226 133917
0.590710 134030
0.688577 209562
0.632920 170130
0.682001 134406
0.926578 193558
0.721862 193872
0.658593 170373
0.684743 169873
0.991763 225794
0.802047 81434
0.743134 81452
0.769883 225376
0.667856 193176
0.957873 194255
0.967548 81518
0.747184 225955
0.919467 225441
0.812517 134786
0.964619 170228
0.914190 170548
0.961323 81710
0.931431 170349
0.842680 225219
0.862548 81791
0.949340 134791
0.832472 134211
0.663612 170039
0.761714 81177
0.762891 134550
0.814902 170662
0.860845 225119
0.847554 81305
0.709370 209923
0.936712 81533
0.848754 170524
0.914081 81334
0.988784 169788
0.968104 134727
0.983035 81913
0.956797 81246
0.820892 193390
0.724243 81278
0.948751 81801
0.731857 209610
0.822231 134393
0.840889 193796
0.665522 81243
0.861225 134305
0.730601 193330
0.861195 81841
0.834702 81205
0.715255 193013
0.743360 224926
0.732183 169780
0.792108 134677
0.916547 81285
0.673302 210278
0.860088 81209
0.868500 169984
0.851309 210097
0.670333 133933
0.648643 193436
0.689702 224596
0.924708 134817
0.755446 210046
0.674197 193130
0.902456 81510
0.592431 192962
0.889357 226048
0.735270 225393
0.903641 81366
0.922260 81302
0.836864 193503
0.725547 193398
0.836934 81707
0.835419 224490
0.852628 81294
0.690072 170638
0.886992 81348
0.927578 81590
0.601423 134022
0.784833 81291
0.830740 81206
0.951512 81842
0.887646 225108
0.985536 170291
0.974527 81813
0.604471 210127
0.935799 169889
0.847262 170618
0.783956 210169
0.917963 134242
0.754918 193719
0.834124 81489
0.919285 170514
0.753340 134136
0.933265 81905
0.876326 134472
0.924740 134690
0.741124 134738
0.971210 82193
0.949688 82144
0.925358 225294
0.915425 81640
0.961352 170074
0.622707 81254
0.906729 224252
0.989057 82126
0.834824 225225
0.957421 134219
0.662840 133826
0.838652 81207
0.851966 193448
0.976214 170237
0.704269 170608
0.601596 134323
0.677359 210267
0.970990 81431
0.673953 133691
0.762387 134063
0.873362 169961
0.676053 134143
0.928548 225171
0.808364 193831
0.765273 169387
0.933038 81687
0.612967 194169
0.754573 134175
0.947318 224759
0.657586 209808
0.895401 170079
0.819073 81269
0.739703 81250
0.724907 134041
0.660308 134354
0.723337 134727
0.669799 194107
0.973895 81229
0.754288 81194
0.719585 81230
0.598381 193768
0.896183 193404
0.785955 224976
0.859993 81314
0.667076 81165
0.815356 81192
0.957957 170427
0.934698 170136
0.923142 170070
0.844044 81429
0.888766 81366
0.762367 81372
0.826472 192848
0.588240 133341
0.831951 81361
0.999323 81697
0.777294 134276
0.790655 224718
0.971944 81619
0.930597 81160
0.705655 134185
0.925123 81660
0.948066 224758
0.914994 170247
0.980653 81744
0.972062 225426
0.986439 81578
0.826045 133951
0.704393 193427
0.971003 169866
0.737169 81211
0.882527 134460
0.902144 81374
0.767810 81192
0.918162 81702
0.665058 210490
0.780129 170229
0.715585 134123
0.696742 170156
0.990894 82077
0.737528 134154
0.613192 210277
0.895607 134051
0.669878 81466
0.964709 81209
0.846726 134518
0.822823 81637
0.961591 81623
0.922424 134674
0.729094 81168
0.960625 225266
0.882605 81588
0.904977 81448
0.706373 133845
0.624895 170555
0.717980 133939
0.935798 134568
0.618806 134382
0.946791 81445
0.695426 81218
0.783424 81238
0.649212 133822
0.913705 170225
0.985717 81790
0.886143 225197
0.627785 133762
0.841911 225994
0.875598 81174
0.979184 81528
0.732320 225131
0.699245 81353
0.823965 224551
0.909758 224337
0.734346 81158
0.587609 210213
0.818701 81730
0.734363 133908
0.701212 210215
0.878494 170970
0.770418 224996
0.672828 209433
0.923228 169962
0.666579 133945
0.973785 81270
0.852382 81302
0.729207 134198
0.896747 170348
0.832262 169984
0.822209 81408
0.801643 81259
0.770869 194067
0.954528 225087
0.875927 225996
0.978976 81627
0.613293 134149
0.928892 81755
0.819783 81204
0.725499 209167
0.688829 193966
0.965610 134248
0.815693 209983
-------
0.724088 118469
0.657997 119055
0.933249 198762
0.701335 119318
0.979504 342685
0.710471 119090
0.787807 199883
0.679334 119094
0.581963 119337
0.900523 251805
0.737314 118960
0.947427 198968
0.767355 117999
0.789180 118485
0.664918 118984
0.865373 117993
0.756371 118002
0.724932 118372
0.978212 311623
0.877886 199567
0.772377 117973
0.917311 198819
0.615576 253341
0.862753 311287
0.748720 118575
0.591480 253296
0.898328 251625
0.915470 198634
0.935807 287082
0.910472 310405
0.721059 312343
0.758767 288322
0.665617 252820
0.683303 253880
0.930043 198450
0.687366 253233
0.692368 252357
0.917804 118125
0.792705 343453
0.954585 198100
0.855095 117944
0.714299 328919
0.827533 118445
0.840760 311265
0.732205 118090
0.967377 252412
0.913417 251949
0.632757 328505
0.707283 288818
0.724890 118215
0.899173 252521
0.819948 199702
0.803856 118237
0.767750 343480
0.782389 328434
0.737013 118163
0.844117 118073
0.879920 118066
0.993699 286915
0.624925 118823
0.921206 198214
0.755324 252735
0.697449 200105
0.827388 251713
0.597280 119687
0.625528 119302
0.719457 118862
0.793469 311352
0.692756 118923
0.923863 198347
0.708239 118333
0.766935 252213
0.607552 118858
0.615479 119196
0.717446 199865
0.774618 118136
0.724031 118778
0.738758 311542
0.757204 118410
0.581554 119514
0.712277 287956
0.854186 251939
0.695683 119010
0.993308 342615
0.812531 343378
0.814654 343498
0.913694 311154
0.596912 253293
0.677143 118901
0.843919 252372
0.923045 198711
0.725165 289123
0.694641 252839
0.688751 118876
0.732796 118599
0.697968 118942
0.993436 341030
0.615847 119696
0.967331 198186
0.764600 118515
0.731352 199512
0.666993 252909
0.720451 199192
0.726734 288545
0.868753 198430
0.687673 252944
0.819767 199125
0.869278 198871
0.819612 287688
0.604792 119236
0.760897 118092
0.880181 343315
0.893391 198567
0.789772 199145
0.734777 328604
0.902682 343052
0.887690 117978
0.820168 118205
0.927516 341537
0.791361 118449
0.809385 343268
0.767089 252281
0.683292 119259
0.675263 118754
0.977703 342127
0.599270 253364
0.588314 253659
0.844819 117971
0.632881 289316
0.719662 312917
0.735845 118761
0.667089 311825
0.735901 118488
0.749482 344601
0.725118 118972
0.717524 118606
0.959151 198696
0.836872 118257
0.853679 117928
0.933475 287756
0.842657 343249
0.863951 199130
0.832161 252098
0.759037 199373
0.766107 252733
0.816847 288545
0.861441 342976
0.710584 328286
0.989410 286260
0.981548 198699
0.960102 198616
0.728093 199568
0.842351 311977
0.667566 200589
0.608581 119340
0.832134 198893
0.812652 118117
0.728842 118880
0.743150 343444
0.729520 288215
0.684223 118640
0.913876 198844
0.859988 198988
0.867677 287394
0.651109 312806
0.688450 343292
0.920931 252151
0.591836 312213
0.889679 343840
0.786132 118204
0.733607 344152
0.901328 199127
0.737268 118654
0.689667 118996
0.850577 199302
0.693961 289041
0.705071 118453
0.923863 198994
0.948240 198758
0.889220 342790
0.982958 287113
0.604062 329717
0.933413 287223
0.843616 288723
0.914919 251673
0.751020 312209
0.915331 288256
0.791127 118034
0.934243 199541
0.723516 118573
0.878668 251966
0.746316 118251
0.708637 118485
0.923989 342826
0.918968 199122
0.609458 119309
0.961306 287080
0.764284 117944
0.682682 119398
0.986021 198878
0.833446 343050
0.660704 119432
0.805904 118746
0.839926 117939
0.975722 287195
0.616839 119175
0.602300 253852
0.678815 329098
0.968645 198149
0.676280 252952
0.676378 253274
0.930323 342455
0.769552 118651
0.767182 287222
0.935728 198713
0.792684 117962
0.815540 117938
0.948688 341525
0.898737 287698
0.816717 199263
0.975655 198193
0.600692 313506
0.758070 118273
0.666532 200784
0.818225 198739
0.819292 118557
0.733404 118667
0.933867 287495
0.885360 199013
0.668005 118573
0.701546 118573
0.710273 119159
0.834067 198959
0.995369 198600
0.788681 342819
0.968661 198755
0.606711 119089
0.706021 252901
0.823162 118510
0.948477 341916
0.726120 118397
0.683071 118888
0.716451 119104
0.983037 198346
0.827571 251456
0.700703 312231
0.725867 119222
0.971468 286352
0.736752 199807
0.886259 251787
0.692102 118766
0.905535 197973
0.662384 329316
0.714075 252323
0.989251 198761
0.737402 253007
0.614390 330036
0.668717 200580
0.820799 199613
0.959543 198682
0.918906 252381
0.726573 199419
0.883712 198994
0.729829 118282
0.684477 118595
0.937414 251826
0.694026 199878
0.786607 199263
0.648365 253026
0.911499 287531
0.599150 119567
0.886075 342934
0.667876 118445
0.815376 118043
0.624116 252649
0.658121 119070
0.879352 198761
0.795920 118062
0.611373 119400
0.975624 198761
0.833810 118039
0.734154 199134
0.586550 329190
0.699294 329069
0.670449 328409
0.921637 287201
0.663177 252972
0.975308 197657
0.832332 288278
0.822907 199622
0.954169 342033
0.773095 118723
0.874233 343664
0.975616 198901
0.610572 253677
0.818537 199822
0.639505 119605
0.727700 328042
0.814170 327870
0.703417 253177
0.617730 119708
0.737927 118090
0.903378 198885
0.926505 198459
0.825161 199704
0.589216 119388
0.977648 287292
0.779893 118122
0.671552 289383
0.779704 252115
0.867270 252591
0.717506 288892
0.915306 342106
0.764071 118280
0.696023 119374
0.591762 119206
0.803581 252933
0.744747 199810
0.796440 288424
0.986375 286924
0.825003 118024
0.902922 198686
0.885888 199549
0.705559 119213
0.737511 199938
0.664099 328214
0.725466 118569
0.727858 118786
0.842908 118110
0.728603 312536
0.985933 198169
0.688444 312940
0.926009 199502
0.613331 329056
0.770726 344318
0.766920 118415
0.847290 118098
0.610383 330067
0.732715 118661
0.585664 329871
0.817597 199067
0.700999 118423
0.874214 118089
0.596115 119357
0.695883 118927
0.611592 252856
0.790146 118199
0.731027 252127
0.892907 199193
0.678527 254359
0.761673 118146
0.720064 118730
0.733114 118624
0.731001 118426
0.749286 118921
0.728638 252417
0.621645 252905
0.908534 199200
0.671903 252951
0.702527 252260
0.988293 287530
0.844452 342501
0.710071 118718
0.620971 311836
0.876338 342288
0.945743 287122
0.728512 199673
0.817448 287642
0.800482 118120
0.844457 287919
0.611060 289706
0.864904 118134
0.719135 118302
0.834961 287365
0.987237 310238
0.969099 251417
0.971211 342045
0.962639 198264
0.924107 199351
0.925745 251628
0.857800 342972
0.864938 198974
0.707613 343589
0.740575 118467
0.820394 117971
0.835311 199773
0.980915 197666
0.592951 289660
0.982262 311403
0.932521 342608
0.669027 119301
0.952141 198778
0.684684 328482
0.679181 119392
0.769628 118652
0.682890 253425
0.926330 310679
0.676966 118207
0.655088 289450
0.684726 288511
0.994422 342502
0.660762 119409
0.805034 199598
0.674444 118983
0.671016 118446
0.596245 119678
0.740658 199982
0.769872 343635
0.959629 311502
0.970443 198887
0.714565 118866
0.915941 342812
0.809684 252721
0.961803 287144
0.918127 288016
0.659229 118667
0.950385 252077
0.790545 118093
0.665165 288938
0.844949 198850
0.935525 199282
0.845797 288419
0.687752 118932
0.911816 198387
0.785215 118430
0.730318 118855
0.970575 252127
0.822611 311297
0.946318 198958
0.732679 328300
0.633038 119248
0.651009 119010
0.599713 119362
0.824414 117994
0.821286 251918
0.860922 251992
0.804142 118359
0.732833 312032
0.860152 199333
0.713320 312277
0.790929 252926
0.675859 328990
0.725069 118410
0.850854 327870
0.667115 253009
0.757422 328292
0.678159 312152
0.903285 198485
0.692302 118231
0.921680 198560
0.836050 311565
0.722509 312212
0.840222 199198
0.836884 342347
0.890208 199199
0.695248 118977
0.662169 118806
0.717883 119027
0.602995 253567
0.788502 199593
0.832772 198665
0.977563 198947
0.785880 328165
0.834931 199477
0.756520 252370
0.620343 119130
0.925772 251891
0.742132 253100
0.969219 199102
0.950639 199018
0.668176 118823
0.621880 200988
0.904577 341786
0.818841 118170
0.959554 251203
0.663731 252240
0.837899 198767
0.851633 311000
0.700454 289204
0.779827 118469
0.669876 118696
0.734966 118738
0.764065 252467
0.876190 287625
0.609114 119440
0.721204 118539
0.805851 311984
0.748368 118522
0.613403 313684
0.590792 119615
0.758130 253009
0.659049 328845
0.736942 199828
0.726559 252557
0.658568 253147
0.723364 252989
0.666145 312412
0.656479 119179
0.756184 199997
0.716629 199823
0.897300 310763
0.698505 118891
0.786038 343457
0.862084 199435
0.961883 287075
0.919699 287017
0.844664 199554
0.742329 118603
0.763921 199401
0.631135 119224
0.829449 310286
0.589392 252657
0.776412 253123
0.678941 119359
0.929786 198281
0.921623 198844
0.917862 287724
0.605485 119730
0.984196 197924
0.971163 342004
0.742415 118361
0.664105 119203
0.769371 200071
0.918681 199179
0.779932 287988
0.696864 288570
0.893051 251711
0.963029 198775
0.845423 251959
0.807227 118248
0.957975 342302
0.901906 199094
0.706091 252991
0.621609 290053
0.717955 252844
0.617530 253748
0.944609 198231
0.825486 118053
0.610483 119219
0.988000 198573
0.603225 119350
0.779858 118313
0.840220 343800
0.760144 118043
0.728619 343368
0.697674 199976
0.827679 342390
0.818655 118362
0.770256 118908
0.912790 341998
0.820566 199715
0.733201 252404
0.881114 289166
0.767426 342989
0.762355 118461
0.853524 198912
0.726213 252668
0.661758 118785
0.897009 287639
0.682333 118604
0.799524 200135
0.768131 311966
0.681405 118529
0.931782 198957
0.687740 312899
0.967816 251239
0.794126 117998
-------
0.726731 302779
0.746720 184310
0.818979 184656
0.692840 184155
0.871668 185382
0.931812 384185
0.697647 303049
0.980262 527627
0.714163 302720
0.585406 301663
0.898739 437868
0.668156 302465
0.862421 302434
0.752474 302613
0.774983 302134
0.732619 184238
0.864777 495769
0.766696 184660
0.592439 435981
0.845928 184336
0.917075 383820
0.937226 472572
0.907389 495865
0.724621 496598
0.802784 184575
0.757889 472238
0.936777 186050
0.929295 383710
0.694326 435555
0.916765 304015
0.952921 383307
0.851225 303336
0.981797 186751
0.850536 184740
0.732246 301315
0.995115 185638
0.914048 437631
0.708787 472333
0.720947 302102
0.901693 438124
0.764537 527264
0.974995 185390
0.846163 303335
0.996269 472659
0.623876 301928
0.751579 436422
0.697287 384026
0.599118 303271
0.718500 302737
0.789994 495879
0.696319 302569
0.617831 302396
0.776035 302270
0.725224 302991
0.739774 495165
0.757785 302846
0.942616 185531
0.578036 302237
0.712823 472171
0.857595 436923
0.995856 528746
0.811945 527697
0.913445 495895
0.957130 185653
0.977529 186629
0.923442 185709
0.595495 436171
0.743054 184157
0.924302 384214
0.727521 472882
0.693594 435883
0.995478 526734
0.964671 383747
0.955891 185583
0.723463 382696
0.903020 185020
0.869953 384101
0.993235 185611
0.820288 472335
0.757712 302466
0.882563 528537
0.891075 383370
0.862612 184416
0.905209 185075
0.738768 512234
0.905736 527968
0.930023 527264
0.792846 302684
0.810335 527267
0.769803 436468
0.673384 301689
0.892554 185256
0.975063 528534
0.598851 436743
0.780781 184481
0.902875 185501
0.952506 184782
0.636614 472533
0.850009 184551
0.717339 496746
0.844328 184832
0.831817 184906
0.668504 494397
0.830575 185184
0.978424 186212
0.750122 529603
0.723862 302309
0.720800 302570
0.839051 303155
0.954474 185833
0.936737 473025
0.988522 185746
0.756589 383093
0.861730 527895
0.901043 184467
0.709313 511672
0.960447 185988
0.986072 471673
0.961658 184887
0.854594 184214
0.730360 383329
0.943024 184830
0.728692 302202
0.687144 302169
0.815071 184884
0.913237 383935
0.861254 383671
0.865064 472180
0.819214 185021
0.905149 185710
0.917159 437466
0.949792 185454
0.825321 184434
0.964844 186166
0.893612 528493
0.788622 302781
0.735747 528410
0.904337 384665
0.735991 302757
0.922639 185556
0.906527 185486
0.695623 472437
0.702634 303075
0.734829 184381
0.965481 185237
0.937889 185344
0.949826 384082
0.916720 185537
0.980116 473710
0.601496 512500
0.912937 474033
0.790697 302572
0.950892 185705
0.721453 302118
0.968259 185612
0.880388 436804
0.959106 473234
0.838654 184588
0.805774 303399
0.979214 473609
0.603410 436495
0.964717 384036
0.918379 185310
0.932411 528293
0.766412 302703
0.727441 184406
0.814697 302030
0.922893 185444
0.900482 473516
0.973026 383776
0.961603 185383
0.974327 185609
0.820716 382854
0.985545 185521
0.664816 302624
0.709758 303152
0.970818 383973
0.867675 184980
0.704468 436822
0.822562 302012
0.924438 185153
0.952024 527835
0.806458 184242
0.985409 384501
0.823786 436817
0.701846 496104
0.728965 303137
0.885421 437198
0.902540 382773
0.850407 184862
0.664635 512908
0.710859 435974
0.616853 513238
0.666908 384061
0.725308 382991
0.881008 384703
0.863189 184684
0.778224 184580
0.685378 302620
0.939967 437260
0.851012 184854
0.792803 184235
0.647185 435601
0.794556 184452
0.889191 528410
0.815098 302510
0.609735 302742
0.977396 384615
0.783189 184436
0.835200 302897
0.736516 383499
0.589643 512469
0.698592 512306
0.673809 512914
0.922660 472220
0.750252 184206
0.661454 437184
0.975503 383352
0.832902 184891
0.948761 185423
0.820964 384000
0.773381 302722
0.797971 184147
0.724678 512107
0.699915 436646
0.615684 302745
0.734959 301511
0.901559 383094
0.926540 384201
0.982976 185439
0.590515 302781
0.671379 472476
0.919296 186100
0.917657 527782
0.760584 302497
0.698460 302351
0.826721 184523
0.935834 185544
0.911469 185444
0.983075 472518
0.914977 185729
0.824213 302248
0.885027 383676
0.978942 185623
0.660338 511092
0.909132 186064
0.798488 184579
0.845214 302462
0.729470 496477
0.927189 385546
0.815031 184140
0.766965 528335
0.770601 303026
0.850438 301885
0.612102 513298
0.734769 302908
0.912619 185318
0.936342 185429
0.817790 383633
0.863184 184876
0.872458 303012
0.814146 184275
0.592198 301719
0.696087 302275
0.792780 302699
0.730397 436201
0.895137 384151
0.734467 301924
0.836314 184631
0.905084 185306
0.926617 184944
0.618614 436061
0.912129 384132
0.668538 435829
0.705890 435374
0.913059 184501
0.848159 527195
0.621586 494937
0.878275 527332
0.946294 473000
0.725357 382902
0.785739 185025
0.846600 184517
0.850038 184342
0.860425 185354
0.823122 184603
0.834997 471971
0.970596 437010
0.945123 185178
0.972589 527304
0.975932 186347
0.815272 184751
0.763189 184208
0.944764 186218
0.945230 185198
0.866597 184808
0.817232 301930
0.737296 184745
0.982998 382963
0.876259 184963
0.592342 472365
0.949989 383483
0.919352 184992
0.681328 436716
0.928257 496538
0.677242 301784
0.654256 472957
0.684108 471737
0.659414 302148
0.804179 384273
0.670673 302722
0.854216 184509
0.600140 302588
0.739607 383669
0.837161 184519
0.770100 527933
0.919949 185116
0.960151 497319
0.988015 185716
0.841904 184921
0.918384 528099
0.810363 436765
0.962916 472417
0.657108 302041
0.951517 437457
0.843154 384003
0.904935 185104
0.793275 184695
0.938544 384925
0.688276 302224
0.914136 384151
0.731841 302407
0.823728 496087
0.948491 383879
0.632335 302646
0.602003 302240
0.999414 186606
0.732348 496435
0.724613 302139
0.893925 185090
0.854788 512864
0.879495 184732
0.777291 184767
0.754978 511444
0.723979 184493
0.690100 302301
0.841913 384207
0.891635 383927
0.693042 302527
0.789217 184729
0.857766 184713
0.718555 302572
0.809370 184248
0.602003 436246
0.786099 383903
0.975803 383947
0.785537 512320
0.837575 184638
0.961177 185217
0.991490 185975
0.976361 186205
0.926946 437329
0.824836 184463
0.968831 384425
0.913969 185676
0.620474 383878
0.962796 436850
0.838166 383653
0.849169 496099
0.779991 303073
0.667124 302040
0.737029 302715
0.891874 185761
0.609888 302440
0.747352 302709
0.615738 496344
0.588988 302546
0.924517 185513
0.945332 185094
0.735462 383222
0.662536 436428
0.669751 495265
0.653853 302167
0.712972 383688
0.909587 184589
0.899658 496169
0.875866 184727
0.785123 528137
0.904512 185259
0.966559 184612
0.765384 383396
0.627839 302202
0.831951 494737
0.678904 302925
0.765848 184224
0.931274 383037
0.918434 383883
0.605356 302730
0.983525 384109
0.818195 184673
0.744744 302763
0.918762 384107
0.875132 184705
0.699111 472284
0.891858 436981
0.964766 384586
0.846314 436532
0.672754 184321
0.905277 383904
0.844518 184314
0.945884 185182
0.930935 185111
0.704106 436746
0.615829 436550
0.825436 302927
0.613865 301930
0.893917 184584
0.959261 185772
0.783393 302679
0.836732 528213
0.762778 301622
0.799228 184162
0.699746 383419
0.827359 526949
0.815349 302682
0.768174 303084
0.824278 185081
0.730706 436835
0.878650 474219
0.766509 526533
0.966929 185417
0.764325 302609
0.658606 301125
0.896531 472753
0.888672 185370
0.800395 384692
0.681032 302419
0.931773 384425
0.687730 497159
0.969216 436701
0.655546 302682
0.785901 384197
0.677584 302977
0.736267 302790
0.770621 184261
0.951308 384374
0.765579 301844
0.973345 185345
0.786822 302796
0.820183 184493
0.721193 301475
0.981879 497692
0.881457 384430
0.920067 384427
0.612182 435475
0.746182 303243
0.957652 185889
0.898194 436522
0.944886 185609
0.857178 184979
0.663988 436669
0.680363 437063
0.684978 436670
0.790793 528321
0.982236 185348
0.716120 511823
0.829911 302762
0.838001 495585
0.965658 438287
0.980795 185883
0.633752 511414
0.775894 184193
0.826787 184485
0.869847 185150
0.823361 383871
0.801624 302444
0.785933 512535
0.735377 301949
0.881778 302655
0.843634 184719
0.825596 185491
0.917954 383552
0.827908 436169
0.881742 185168
0.623015 302927
0.921066 383298
0.961450 185850
0.704344 301979
0.764543 435892
0.609519 302034
0.843644 184245
0.714221 383503
0.693423 302752
0.771620 184677
0.797837 184568
0.776907 184302
0.816730 527627
0.897350 184525
0.675032 301759
0.843160 436700
0.685305 302580
0.736219 302635
0.701637 302485
0.616617 302615
0.985645 185768
0.761256 302400
0.728612 383228
0.667962 436187
0.726493 472722
0.870656 383837
0.871198 185262
0.689225 435993
0.816502 382683
0.601241 301797
0.789562 383220
0.739052 184375
0.884962 302802
0.822549 302497
0.953122 185536
0.681437 302316
0.927375 185704
0.907872 184730
0.589207 436903
0.848633 302731
0.737991 184622
0.739526 303478
0.884003 184305
0.969018 185703
0.736921 302244
0.840538 184306
0.957600 384224
0.854703 302448
0.846468 528108
0.860120 383256
0.829605 437160
0.766548 436784
0.817158 473455
0.985388 185958
0.845472 184593
0.824367 184604
0.977565 384951
0.957861 384669
0.779346 184808
0.906166 184961
0.811295 184332
0.844752 496716
0.912589 185192
0.669341 383597
0.608624 302836
0.965388 185480
0.829801 383179
0.809496 302389
0.740466 527324
0.731162 472008
0.870198 185281
0.962587 185561
0.653485 496266
0.687006 526431
0.941149 185464
0.588501 494943
0.692504 302126
0.849790 384047
0.926442 384199
0.836323 184534
0.801705 184914
0.840406 184969
0.910667 185225
0.892169 527369
0.897807 185445
0.931539 473589
0.937145 186108
0.846530 472918
0.912000 436470
0.753204 495998
0.789019 184430
0.930385 384553
0.743054 301706
0.709343 302132
0.927933 527882
0.920685 384214
0.970142 186922
0.611265 302098
0.761220 302428
0.686446 302674
0.936323 185902
0.985258 384420
0.834703 528526
0.753083 184188
0.662401 302728
0.724098 184283
0.840888 302931
0.613989 301909
0.874893 184990
0.681178 512879
0.678719 436594
0.820390 184356
0.674455 437115
0.769841 471001
0.932785 383929
0.791801 302631
0.945132 527019
0.818981 383627
0.896394 184736
0.601003 496575
0.777284 184756
0.760137 302501
0.664273 384358
0.820270 303604
0.730068 302550
0.936495 473042
0.887612 384583
0.766007 184811
0.700906 302091
0.837988 383466
0.897563 185112
0.993272 384079
0.813598 184224
0.787989 526915
0.610479 301912
0.728648 302091
0.682940 302216
0.715303 302774
0.727377 184875
0.926272 185256
0.973803 472417
0.737106 383257
0.689753 301627
0.986643 384630
0.734986 436758
0.818361 384167
0.956736 384249
0.764039 184510
0.917445 437030
0.812973 184473
0.733377 301943
0.926234 184298
0.970777 185115
0.696358 384378
0.995565 185034
0.788651 383604
0.913085 472961
0.596709 302728
0.924538 185397
0.666634 301760
0.626449 435952
0.659330 302821
0.880288 382912
0.799195 302004
0.831284 184536
0.784898 184375
0.824083 184779
0.927819 185252
0.726806 184670
0.829540 472402
0.956321 526967
0.878156 529116
0.976108 384087
0.787242 184509
0.607533 437193
0.817199 384525
0.637729 302696
0.810476 511854
0.988456 186049
0.821611 384434
0.978048 473105
0.782876 302476
0.920475 186155
0.779639 436023
0.865673 437598
0.713653 473319
0.592829 301845
0.804547 437887
0.742111 383419
0.799192 472124
0.899949 383401
0.705189 303232
0.738694 384323
0.723538 301278
0.835190 184569
0.726428 302198
0.911480 185356
0.989625 384454
0.690972 496410
0.612641 511428
0.964314 185363
0.814812 184193
0.588382 512692
0.700328 302193
0.957973 185194
0.843673 184658
0.611102 435671
0.682396 438210
0.831297 184439
0.760924 302785
0.719657 301962
0.727807 301565
0.745804 302235
0.726027 435786
0.989748 473824
0.849527 184472
0.712457 302501
0.816322 472243
0.800523 301910
0.932771 185268
0.844653 472376
0.918809 184930
0.890007 184306
0.609983 473033
0.862568 303218
0.767880 184192
0.716805 301520
0.922416 185229
0.989206 495699
0.854253 184633
0.964198 384600
0.921543 384613
0.924336 437349
0.860768 527914
0.866000 383119
0.836554 184488
0.704639 526738
0.851653 185196
0.738404 301749
0.832632 383923
0.979629 496967
0.814607 184293
0.931175 527226
0.669673 302731
0.683647 511747
0.676337 302620
0.770539 301873
0.993806 185812
0.803255 184539
0.794057 184685
0.996015 528430
0.732551 184347
0.674545 301967
0.897600 184944
0.972342 384582
0.717940 302464
0.920834 473445
0.789716 302497
0.668942 472649
0.791903 184487
0.789274 184419
0.845030 472754
0.782635 303044
0.757477 184284
0.933070 185149
0.972655 437298
0.736110 512024
0.652235 303078
0.824943 302660
0.824556 435874
0.896431 185320
0.862110 437385
0.802379 302992
0.861892 384526
0.714331 495956
0.788166 437801
0.673358 512651
0.669901 436146
0.894823 184644
0.797049 184793
0.679754 495711
0.901310 383468
0.926165 185429
0.868610 184506
0.983690 185384
0.923235 383856
0.839983 496458
0.723378 496059
0.833456 527207
0.833744 185331
0.663357 302296
0.956208 185816
0.834997 383222
0.749666 184233
0.833551 384182
0.914765 184552
0.756722 436511
0.621075 302295
0.801189 184393
0.738877 437069
0.824963 184131
0.953503 384719
0.771180 184356
0.664817 302300
0.986169 186003
0.900798 526292
0.816719 302119
0.663421 435137
0.924633 185992
0.699690 472516
0.909279 185591
0.763887 437160
0.899843 184872
0.879031 471703
0.873388 184459
0.718352 302315
0.802584 496305
0.757500 436623
0.929893 185121
0.658382 512160
0.729461 436255
0.726764 437136
0.835554 184543
0.754387 383816
0.856325 184980
0.985468 185717
0.850114 184754
0.883263 184667
0.844838 184863
0.698686 302756
0.860714 384508
0.963986 472600
0.922243 472298
0.844911 384130
0.745795 302478
0.589374 435288
0.772732 437563
0.892133 184687
0.918790 473344
0.974213 186034
0.973705 527703
0.872392 185174
0.661790 303024
0.769770 384326
0.780707 472094
0.804265 302082
0.959395 528421
0.918215 184989
0.623675 473565
0.721026 437027
0.948307 384114
0.985683 384431
0.918168 185407
0.781191 184707
0.963883 185880
0.605909 302155
0.730178 526875
0.909684 527130
0.824498 383923
0.851054 384080
0.727140 436288
0.685634 302318
0.769690 496290
0.890205 185676
0.930348 185542
0.796096 302855
0.934421 184651
-------
0.730416 569769
0.748563 451557
0.822790 451665
0.694298 451552
0.873440 451368
0.807688 266708
0.610001 269177
0.744214 268017
0.932387 650064
0.699813 570598
0.977564 791914
0.717114 570470
0.581950 571400
0.898808 704375
0.698173 268457
0.664320 572093
0.860030 567882
0.753910 569947
0.772996 569681
0.733592 451531
0.867186 761451
0.769473 451189
0.588865 705719
0.843580 450711
0.919003 648496
0.934297 737328
0.905809 762018
0.728491 764240
0.803171 451197
0.760466 739860
0.934661 450165
0.926615 648998
0.695763 268153
0.696802 702930
0.913024 569210
0.689697 267718
0.956789 647792
0.850353 570002
0.605451 270295
0.984415 451372
0.724963 267737
0.780794 267127
0.722936 267854
0.853140 451515
0.732549 568702
0.997901 449888
0.836805 266584
0.915199 702551
0.742148 267160
0.818165 266835
0.707076 740300
0.718973 570585
0.774983 267200
0.649817 268389
0.898261 704007
0.761756 794451
0.972166 449405
0.846266 569596
0.994087 736499
0.627388 571363
0.684332 268575
0.748814 703753
0.700139 652259
0.602522 572567
0.717218 570730
0.805843 266750
0.786537 763002
0.697616 570848
0.620123 571561
0.776549 569216
0.727165 570372
0.741521 762398
0.756357 570332
0.939475 450902
0.580159 572488
0.714244 739876
0.859614 702937
0.735885 268371
0.998200 791732
0.813224 793700
0.914022 761107
0.959140 449585
0.979988 450413
0.927123 451714
0.683455 267922
0.598876 705991
0.748036 268357
0.755408 267420
0.743344 451291
0.926436 648295
0.726356 740630
0.597709 269199
0.692104 703859
0.667479 268833
0.675252 268184
0.604125 269678
0.747755 267256
0.991647 790392
0.963021 647553
0.820369 266633
0.957294 449838
0.724712 650257
0.771195 267423
0.904735 450857
0.870691 650642
0.673024 268754
0.996822 449169
0.659970 268781
0.817859 738500
0.624433 269258
0.761635 570363
0.879993 793424
0.723670 268015
0.891447 648753
0.719609 267432
0.858708 450331
0.906164 450021
0.736624 780084
0.905900 793590
0.801053 267011
0.683824 267905
0.694353 266811
0.729804 267937
0.930952 792639
0.655879 267949
0.757425 267843
0.789862 570056
0.810787 793833
0.771802 703777
0.677152 570506
0.889198 451389
0.853688 266594
0.975381 792997
0.654274 269092
0.595917 706216
0.799413 267050
0.778283 451938
0.709925 267983
0.904584 450062
0.952306 449664
0.636377 740742
0.780826 266628
0.672264 268910
0.846075 450351
0.713350 764859
0.684672 267791
0.848095 450464
0.677067 268149
0.835783 451051
0.756312 267855
0.799659 266540
0.672225 762611
0.829871 451271
0.976420 450266
0.739425 267861
0.766289 267286
0.754010 796157
0.763255 267014
0.722695 570351
0.720757 570812
0.838059 569207
0.954501 450689
0.841764 266943
0.936302 737993
0.697112 268566
0.990140 450021
0.759395 649862
0.865176 794193
0.854038 266606
0.897954 450425
0.713191 779207
0.958062 450315
0.985664 735336
0.962603 449300
0.857263 450040
0.731144 650470
0.728000 267450
0.684111 268727
0.752671 267504
0.945851 448560
0.730454 569887
0.686735 570944
0.812458 451208
0.910176 648745
0.858385 649013
0.863516 738623
0.666124 268899
0.711039 267221
0.720191 267538
0.817776 451712
0.907369 450963
0.919027 702751
0.951499 450464
0.827082 450808
0.963699 450818
0.894910 793867
0.789508 569302
0.739728 796073
0.903540 650575
0.736051 570863
0.919286 450523
0.789388 267538
0.909571 451429
0.694582 740339
0.791546 266602
0.699151 571647
0.663146 269286
0.734592 267464
0.732443 451917
0.736840 267952
0.614696 268790
0.968944 449916
0.933924 450614
0.953737 648738
0.826769 266806
0.917909 450644
0.977268 737866
0.598356 781816
0.723879 267182
0.672195 268163
0.584175 268978
0.914754 738278
0.782961 266728
0.842401 266600
0.789973 569559
0.951428 451069
0.605187 269846
0.648366 269587
0.717572 570123
0.969585 449647
0.877560 701754
0.672071 268638
0.779480 267229
0.666554 268454
0.957463 737362
0.842505 450266
0.842602 266563
0.805375 570662
0.979346 737863
0.732355 267916
0.677043 268237
0.826636 267137
0.606280 705563
0.967721 648235
0.763473 267334
0.821643 266670
0.920358 450218
0.931136 792964
0.738776 267028
0.766912 569809
0.713922 268508
0.724618 452184
0.814592 568775
0.921933 451331
0.898856 738027
0.794035 267221
0.682854 268376
0.972862 648619
0.676229 267904
0.637502 268662
0.705975 267231
0.644672 269161
0.831648 266543
0.960669 449907
0.975985 450049
0.789213 266678
0.681016 268669
0.820798 648989
0.986041 450168
0.585511 269376
0.664177 570737
0.712455 571154
0.973303 647354
0.866873 450308
0.700537 704635
0.823568 568383
0.928135 450237
0.948642 793464
0.808596 451602
0.988657 648436
0.684972 269017
0.826049 703100
0.703766 763627
0.725826 570774
0.887400 702394
0.903451 648552
0.849006 450394
0.803335 267335
0.667226 781526
0.713197 703547
0.763054 267732
0.612966 782446
0.668326 652230
0.827654 266724
0.728116 650564
0.880022 650109
0.761357 267039
0.723516 268303
0.861124 450918
0.778450 452936
0.684821 571159
0.938122 701891
0.716663 268471
0.851396 451250
0.793231 450575
0.664776 268489
0.645736 705124
0.790729 451699
0.890608 794084
0.814595 569181
0.608819 571736
0.976042 649117
0.780676 452098
0.834179 568499
0.816518 267008
0.736669 650780
0.593593 781710
0.764914 267063
0.710951 267968
0.699556 780272
0.676439 780971
0.926650 736633
0.749714 451720
0.660854 706353
0.972030 648116
0.829283 452072
0.784475 267019
0.732348 266800
0.946410 450382
0.689300 268921
0.822601 649967
0.775316 570133
0.788540 266985
0.797460 450990
0.726547 779953
0.700343 704805
0.581009 268816
0.732838 267328
0.615166 571510
0.838843 266657
0.710280 267730
0.734454 568558
0.721668 268236
0.899571 648485
0.928690 649929
0.984170 449229
0.738650 267869
0.589390 572390
0.672984 740662
0.916854 451942
0.690227 269338
0.766396 267200
0.916026 793030
0.758715 569683
0.702431 570553
0.826445 450762
0.937934 451515
0.908041 451047
0.681009 268985
0.982826 735865
0.915505 451032
0.822456 568584
0.804058 266967
0.883659 649306
0.723393 267697
0.600520 269359
0.978267 450242
0.661494 779662
0.830663 266732
0.747579 268215
0.689591 268515
0.728684 267527
0.907155 451231
0.794555 450941
0.843518 568050
0.746837 267294
0.730394 764197
0.720954 268658
0.928428 650791
0.818206 449828
0.763267 795394
0.770917 570213
0.593963 269391
0.847879 567689
0.609944 782780
0.732706 570216
0.914692 449832
0.935773 450538
0.813806 650625
0.814591 266611
0.734348 267286
0.861361 451245
0.874040 568212
0.813033 450977
0.588991 570656
0.735432 267325
0.698805 569590
0.617422 268833
0.793499 569449
0.731239 703613
0.893827 649196
0.737196 568700
0.835627 450290
0.903149 450785
0.928319 449343
0.705640 268470
0.666356 268636
0.618885 705039
0.909246 649903
0.670316 704357
0.708780 704120
0.911506 449440
0.845025 793821
0.623716 764024
0.874392 793474
0.942461 737167
0.726801 650853
0.787326 451396
0.847956 450576
0.674218 268706
0.853489 450149
0.859296 451724
0.821885 450980
0.832263 737999
0.715175 267511
0.970382 701417
0.942039 448946
0.973436 792343
0.979065 450921
0.612343 269500
0.811639 451442
0.764769 451805
0.947264 449744
0.774085 267618
0.944390 449462
0.864855 451285
0.593257 268879
0.614408 269016
0.771057 267631
0.668892 269357
0.817288 568310
0.737240 452119
0.980870 647044
0.873286 451047
0.806334 266970
0.594597 742246
0.949155 648595
0.845788 267219
0.610183 269693
0.818135 266924
0.919054 450325
0.678948 704902
0.801612 267112
0.932084 761017
0.755710 267291
0.681099 569595
0.620293 269241
0.651330 741339
0.687955 739716
0.661438 571689
0.720800 267949
0.801073 650921
0.674372 570456
0.855228 450154
0.597725 571689
0.740458 650998
0.836567 450319
0.772853 794832
0.922534 450044
0.959708 761630
0.987934 449284
0.843530 450896
0.915454 792943
0.813469 702947
0.670309 267994
0.960366 736520
0.654105 571500
0.952800 702394
0.707439 267928
0.759889 267480
0.845716 650459
0.906892 449614
0.688935 268052
0.796362 451866
0.942123 649647
0.688263 570911
0.915912 648778
0.728122 569268
0.823915 762220
0.946935 648904
0.734825 268159
0.667349 268876
0.628932 572094
0.604680 571313
0.999213 450490
0.731448 764652
0.604319 268667
0.597005 268844
0.613309 269494
0.723287 569789
0.894279 450481
0.852152 779126
0.879541 450195
0.781187 451847
0.717602 268060
0.750873 266885
0.758699 778950
0.724762 452924
0.749336 266779
0.750438 267915
0.688043 571569
0.734027 267587
0.661834 268630
0.806525 266990
0.657126 267688
0.836086 266576
0.839913 650057
0.723518 267919
0.892635 650306
0.696462 570503
0.790628 451791
0.858864 450985
0.720729 571299
0.808028 450702
0.603551 705327
0.786714 650421
0.596212 268917
0.723761 266928
0.770377 267555
0.593794 270567
0.973479 648852
0.602310 269280
0.725124 268481
0.785383 779089
0.661271 268770
0.841519 451544
0.958912 449757
0.608582 268700
0.760430 267624
0.987529 450157
0.976603 451352
0.924337 702722
0.821103 450613
0.966724 649974
0.915014 450943
0.806610 266728
0.622735 653764
0.775979 267724
0.960349 701284
0.838645 650304
0.850320 761926
0.700144 268324
0.682883 267767
0.781518 569660
0.663314 569680
0.735475 570457
0.894516 451639
0.611431 572024
0.750356 569838
0.613421 765896
0.591380 572133
0.728366 267363
0.656098 268282
0.675197 268145
0.926622 450283
0.691565 268769
0.942560 450243
0.738733 650758
0.662219 704479
0.667128 763674
0.652798 570443
0.715241 651312
0.769484 267211
0.911844 449836
0.898221 760931
0.762506 267324
0.874699 450530
0.788194 795204
0.907697 449594
0.779331 267178
0.964348 449408
0.703870 268348
0.768374 651139
0.628877 570655
0.833183 761001
0.747588 267820
0.718169 268020
0.675778 570477
0.768019 451324
0.934025 648114
0.921720 649409
0.789213 266923
0.608883 571961
0.987392 647627
0.777501 266697
0.818708 451461
0.748743 570372
0.793705 266998
0.921393 649934
0.873552 450604
0.695720 739961
0.605530 269163
0.892226 701641
0.715410 267878
0.968352 649334
0.846163 702788
0.669727 452197
0.610962 269015
0.788542 267027
0.757897 267098
0.903359 649630
0.844604 450411
0.946983 449744
0.932438 450396
0.705733 704820
0.614392 705408
0.827669 569122
0.616158 570899
0.700030 267719
0.892598 450694
0.961480 451127
0.895999 266802
0.781099 569760
0.730208 267873
0.835954 794721
0.701268 267647
0.766158 568711
0.797447 450367
0.703530 651931
0.831249 792616
0.816421 569075
0.772049 569794
0.863582 266558
0.824033 451526
0.732967 267829
0.771831 266606
0.729944 705206
0.875135 739980
0.770311 793017
0.963806 449774
0.766571 570273
0.660469 568841
0.895555 737722
0.886422 451211
0.802146 650795
0.609766 269640
0.793590 266596
0.684319 570139
0.743852 267593
0.932548 649721
0.791222 266538
0.687655 765371
0.772239 267362
0.969866 700929
0.670638 268224
0.657934 571079
0.688472 267952
0.785538 651024
0.677671 571737
0.623253 269266
0.604450 269472
0.678005 268485
0.745422 268701
0.736673 570563
0.770515 451129
0.845465 266584
0.755748 267100
0.954961 649472
0.762172 569057
0.971800 449592
0.784423 570088
0.752952 267663
0.819342 451224
0.721899 569450
0.984255 761808
0.883027 649564
0.919720 649562
0.841965 266627
0.803813 266714
0.605917 269770
0.615275 705002
0.743419 570262
0.837351 266949
0.955261 450567
0.896186 702224
0.947439 450367
0.705252 268184
0.858031 450606
0.660501 705236
0.677445 704922
0.682697 704895
0.848005 266676
0.788147 795496
0.982629 450682
0.763185 267187
0.702406 267738
0.675200 268272
0.731459 268132
0.723391 267913
0.765503 266675
0.839334 266546
0.716472 779868
0.830079 568800
0.706024 267441
0.839395 761726
0.610144 269193
0.963987 701777
0.977037 449623
0.792397 267030
0.630574 779786
0.779629 450461
0.826532 450844
0.867576 450719
0.822353 650041
0.802811 569205
0.782123 266796
0.784425 779180
0.757703 266948
0.731493 570382
0.707995 268009
0.733907 267304
0.884156 568156
0.845042 450397
0.734876 267180
0.827206 451413
0.701924 268531
0.760931 267326
0.820965 266587
0.918386 648542
0.828928 701953
0.651085 269149
0.878394 451433
0.624317 571852
0.917538 648786
0.959693 450462
0.707469 570238
0.766366 702383
0.610609 570884
0.842279 449916
0.712350 651156
0.596520 269175
0.692639 570639
0.785993 266876
0.771390 451842
0.798135 450377
0.778746 450935
0.692034 268465
0.812779 794578
0.805937 267229
0.897998 450226
0.732339 266947
0.675358 570751
0.844019 702693
0.677520 268688
0.686138 570487
0.736017 570445
0.688310 268012
0.630404 268760
0.704179 570811
0.617731 571801
0.982700 449576
0.768156 267411
0.818506 266527
0.796728 267206
0.819718 266630
0.758026 569383
0.729254 651117
0.671896 704501
0.808101 267208
0.726426 740396
0.871998 649488
0.870928 451209
0.702494 268569
0.690650 703976
0.812856 649098
0.729233 267896
0.808801 267077
0.720812 267674
0.602935 570648
0.787503 650755
0.703573 268053
0.736025 451853
0.736261 267824
0.888064 568021
0.823084 568684
0.953009 450370
0.678789 570845
0.926792 450585
0.909166 449551
0.735148 267512
0.728620 267330
0.591261 706475
0.837038 266545
0.677828 267937
0.849336 568496
0.665287 268422
0.668553 269220
0.741565 452271
0.739214 570328
0.885293 449429
0.739635 267614
0.658995 269009
0.655737 269505
0.971237 449598
0.738520 570139
0.597252 269491
0.841711 450001
0.692208 268184
0.958080 649104
0.851348 568097
0.846223 793709
0.856929 648698
0.725206 268349
0.830327 703748
0.763387 703313
0.816656 739972
0.988960 450256
0.849416 451217
0.647248 268927
0.820797 450502
0.741235 266884
0.765629 267027
0.976921 648487
0.955482 649682
0.778698 452001
0.722918 266951
0.832946 266756
0.907459 450604
0.809841 450632
0.846822 763721
0.912730 451367
0.669014 651378
0.605612 572179
0.969300 449551
0.711422 268302
0.804382 266539
0.831856 649328
0.810237 569427
0.741282 794471
0.734275 739761
0.650329 269927
0.867928 451082
0.964640 450283
0.656542 765303
0.690577 794027
0.661201 269312
0.937863 450968
0.588139 764885
0.702229 267997
0.717166 267811
0.692823 570076
0.848288 650524
0.606630 269127
0.926596 649822
0.746042 266932
0.837284 449754
0.798389 451657
0.837098 451921
0.774154 267852
0.910968 449955
0.770142 267587
0.894133 792657
0.894562 451361
0.818112 266566
0.932107 738607
0.933653 450634
0.843830 739061
0.910252 702309
0.755941 763402
0.787288 451691
0.769717 267630
0.929603 649616
0.740227 568773
0.706555 569484
0.587477 268779
0.931578 793043
0.728215 267899
0.918172 649968
0.970447 452011
0.613091 571326
0.786779 266759
0.698544 268605
0.615995 270159
0.761161 569625
0.686824 571241
0.932489 450820
0.987567 649170
0.837656 793689
0.751462 452177
0.665212 571642
0.722993 451135
0.841667 569102
0.617752 570980
0.874171 450452
0.682301 781031
0.834824 266566
0.676313 704809
0.818340 451473
0.737150 267301
0.672632 704893
0.768918 737351
0.933432 648967
0.788818 568932
0.667980 268496
0.730003 267296
0.941979 792178
0.612056 269809
0.821330 649343
0.766699 267078
0.822537 267069
0.896144 450732
0.601368 765789
0.777419 452189
0.760122 569638
0.840019 266575
0.820609 266676
0.660758 652183
0.821744 569269
0.726079 570207
0.933512 738205
0.883671 650332
0.769946 451821
0.703045 569615
0.839594 266647
0.838694 649558
0.898193 450081
0.990711 648266
0.812948 450235
0.815835 267129
0.787934 794036
0.609011 571420
0.780758 267463
0.785030 266964
0.728526 267977
0.727189 569513
0.686370 570686
0.717859 570742
0.727795 452702
0.924880 450430
0.748890 267836
0.770691 267701
0.971280 736496
0.740354 650714
0.686688 569567
0.982689 648615
0.734035 704166
0.819184 649616
0.958063 648676
0.762356 451466
0.920434 702622
0.773828 267150
0.814268 451103
0.714458 267819
0.732057 569502
0.922286 449182
0.973930 449159
0.636973 268953
0.696880 652194
0.998371 449828
0.789471 650146
0.911897 738397
0.594525 572293
0.924762 450215
0.667142 569967
0.740400 266830
0.787938 266642
0.626728 705032
0.663296 570920
0.880835 648671
0.798106 568789
0.679402 269034
0.833756 450396
0.622197 268357
0.785641 451305
0.822129 451675
0.926161 450008
0.729956 452217
0.727035 267338
0.697985 267033
0.832946 738073
0.675651 268600
0.955265 791843
0.879296 794377
0.756882 268296
0.972814 649297
0.786358 451116
0.609611 706889
0.819078 651654
0.840839 266638
0.638634 571042
0.798710 266710
0.667624 269209
0.813459 777921
0.810300 267101
0.778463 267592
0.789237 266957
0.989500 450773
0.821601 650804
0.729966 268018
0.981750 737476
0.784934 569480
0.923090 451612
0.783244 703469
0.862816 702853
0.709833 741567
0.592661 571384
0.804324 704556
0.745606 650070
0.719098 268624
0.802673 738090
0.812244 266546
0.800257 266719
0.788306 267097
0.898997 649291
0.603361 269497
0.827849 266651
0.701580 571163
0.627548 268744
0.741386 652541
0.723562 569134
0.773430 266611
0.801515 267001
0.834939 450796
0.803085 266692
0.727752 569999
0.912278 450368
0.706581 267887
0.989781 649051
0.665052 268474
0.691095 764768
0.616517 780553
0.967139 449078
0.684650 269166
0.727283 268285
0.739875 267308
0.781845 267095
0.811650 451327
0.692390 269035
0.591490 781682
0.700055 268126
0.597959 269923
0.694516 268255
0.703289 570512
0.960645 449281
0.690347 269334
0.841071 450485
0.614978 704204
0.815755 266783
0.681669 705807
0.829218 451413
0.759758 570055
0.721707 569910
0.730349 569474
0.594200 269423
0.743996 569354
0.726054 703363
0.753579 267145
0.986336 739042
0.681402 268560
0.851259 450409
0.740284 267153
0.709343 570855
0.818795 740040
0.803584 568722
0.930043 449404
0.841601 266708
0.841039 738348
0.918908 449965
0.892874 449401
0.607714 742574
0.862044 569023
0.777472 267361
0.763686 268399
0.771174 451759
0.715069 569545
0.925129 450254
0.986781 759335
0.852393 450014
0.724783 267908
0.962542 649035
0.918362 649880
0.663874 268431
0.920999 702335
0.858410 793784
0.868884 649858
0.660188 268258
0.836205 451207
0.851567 266601
0.656743 268460
0.707026 794721
0.596979 269647
0.852514 452035
0.737963 568989
0.828723 650371
0.774941 267406
0.977669 761229
0.811339 450621
0.931817 792068
0.668255 571360
0.720981 267425
0.684662 779587
0.673686 570985
0.772222 568588
0.782388 267071
0.725568 268077
0.783911 267310
0.997712 450057
0.804895 451523
0.687474 268910
0.797630 451408
0.992765 792583
0.730244 451782
0.783455 266549
0.672829 570546
0.732147 267401
0.898579 450890
0.608498 269521
0.972345 648288
0.729784 267310
0.720429 570479
0.738802 267364
0.917404 738672
0.633470 268870
0.774041 267333
0.791598 569416
0.672105 740560
0.788550 451184
0.788544 450821
0.846334 737893
0.783272 570126
0.758539 451827
0.932180 450577
0.718716 267987
0.974152 701803
0.739915 779502
0.655433 571000
0.825431 568656
0.822743 702150
0.898290 450784
0.726088 267986
0.860782 702805
0.800202 569972
0.862012 650422
0.712604 764003
0.785194 704512
0.676662 780786
0.666221 704405
0.895544 449589
0.667550 269357
0.795645 450940
0.679993 763903
0.898142 648562
0.639193 268443
0.927226 450652
0.871226 450869
0.982250 449377
0.778438 267258
0.926976 649798
0.836712 763994
0.720607 763463
0.830502 793246
0.599776 269949
0.834315 451849
0.830892 266860
0.667160 570413
0.742555 267328
0.783100 266813
0.731605 267381
0.958113 450224
0.798271 266734
0.837260 649037
0.751666 451090
0.831656 650236
0.912782 450035
0.753680 703358
0.618720 571579
0.619491 269456
0.798938 451755
0.736809 703927
0.827726 451411
0.950993 649570
0.813829 266875
0.770698 452693
0.665762 570644
0.989035 449889
0.897134 791508
0.820242 568431
0.750535 267368
0.766794 267052
0.708999 268307
0.666782 703803
0.928624 451479
0.699374 740531
0.912386 451404
0.723658 267975
0.764671 704855
0.896234 449740
0.875613 737219
0.869676 450447
0.714859 570097
0.799231 763103
0.759752 703468
0.666491 269049
0.929718 450179
0.661746 781256
0.731021 704099
0.727293 704534
0.836583 450633
0.753799 651129
0.590040 269475
0.795401 267246
0.857837 451167
0.982232 449856
0.846152 450439
0.760046 266820
0.882880 450863
0.841338 451471
0.790656 266775
0.810771 266814
0.703232 267759
0.701837 570990
0.857975 650191
0.615341 269388
0.726425 267688
0.963249 736574
0.920050 737948
0.845143 651111
0.744879 570241
0.731497 268183
0.592234 705185
0.770896 705061
0.894568 449487
0.595283 269925
0.922188 738335
0.976756 450269
0.977300 791717
0.868498 451711
0.745054 267909
0.663468 571617
0.773493 650741
0.779907 738992
0.658698 268256
0.606839 269369
0.692041 269113
0.803844 569522
0.959614 793108
0.920180 450121
0.797733 266799
0.622200 742866
0.718408 705003
0.947644 649096
0.710976 268773
0.785928 266873
0.983397 649579
0.918249 450038
0.778746 452405
0.617285 268969
0.786055 267308
0.966757 450652
0.607698 570894
0.730317 795122
0.908705 792907
0.825242 650309
0.619424 269568
0.744013 266972
0.733503 267807
0.854541 649965
0.727462 703880
0.686815 570562
0.771561 762776
0.887628 450821
0.615801 269042
0.929731 450643
0.795673 569002
0.936048 449573
0.761267 267020
-------
0.746096 865429
0.875300 868234
0.810404 682589
0.607862 681081
0.745172 683072
0.930144 1067602
0.819219 416418
0.974979 1209580
0.912613 417793
0.845164 415656
0.699634 681546
0.664675 984780
0.858929 985212
0.770923 984676
0.734396 864994
0.842768 866895
0.915775 417811
0.917648 1065532
0.938284 1154533
0.731389 1177946
0.803420 866295
0.924388 1066385
0.695417 680659
0.694711 1115639
0.911444 986086
0.915115 417525
0.957148 1066148
0.777383 682438
0.936221 416731
0.840310 682859
0.915697 1119680
0.821435 681953
0.775040 682577
0.899505 1120331
0.758685 1209071
0.971410 866981
0.764316 415047
0.626028 983815
0.748749 1117455
0.598555 983881
0.715736 982795
0.829469 415718
0.784345 1178040
0.619351 984283
0.778735 983500
0.731012 984155
0.583557 983209
0.713895 1153966
0.858202 1119188
0.813300 1208504
0.961452 867657
0.819637 415276
0.929871 870828
0.959332 417555
0.748248 682813
0.925047 417475
0.741852 865198
0.928468 1066555
0.783837 415598
0.889149 416759
0.807274 415667
0.670310 682050
0.673123 681185
0.750585 681444
0.959768 1065334
0.955900 867971
0.811879 415653
0.726888 1064102
0.858374 416238
0.986108 419507
0.906157 867710
0.874257 1067709
0.993946 868274
0.657925 681581
0.810004 415441
0.817215 1153972
0.625353 681988
0.963517 418489
0.889321 1065622
0.716751 680661
0.854708 866676
0.906741 1212299
0.803759 681967
0.927726 1210856
0.655905 680643
0.813361 1209444
0.775497 1119466
0.779975 415645
0.887971 868199
0.853193 682784
0.975855 1211306
0.598696 1118072
0.775971 866515
0.713708 681167
0.953557 866959
0.634870 1153294
0.875646 415849
0.965297 418447
0.914821 417354
0.912613 417538
0.684636 681805
0.680329 681650
0.838289 867159
0.863685 415965
0.842296 416397
0.800566 415061
0.735742 682510
0.754483 1210916
0.723892 983944
0.721487 984599
0.960962 417814
0.955064 868862
0.844018 682960
0.933580 1156298
0.700153 682189
0.990057 869532
0.868406 1211059
0.859122 417243
0.715893 1192833
0.903088 417435
0.888356 415997
0.733077 1064771
0.724080 682035
0.926945 417778
0.754460 681211
0.943032 866132
0.912107 1065937
0.856480 1065635
0.866861 1155848
0.875795 416776
0.845951 416059
0.737378 415112
0.714466 680403
0.814474 866688
0.977329 418310
0.825906 415574
0.738399 985007
0.905946 869156
0.698869 984005
0.990399 419447
0.764421 415285
0.735926 682066
0.728708 866495
0.789024 415697
0.972019 867976
0.826705 682822
0.973960 1156282
0.599873 1193648
0.586273 680232
0.844291 682896
0.790491 984737
0.953613 869020
0.909158 417415
0.971864 868601
0.670634 681802
0.845932 866601
0.844792 682767
0.806281 985094
0.830214 682540
0.831379 416362
0.766257 682172
0.919957 417460
0.955185 418169
0.739495 679986
0.919946 417124
0.982384 417700
0.902290 1155573
0.796202 681493
0.853603 415475
0.898373 417269
0.634022 681204
0.705336 681414
0.957929 868654
0.982433 869357
0.584793 681073
0.715374 985252
0.972732 418206
0.700121 1117915
0.788076 415892
0.826292 983936
0.926846 868875
0.811248 866775
0.912476 416515
0.687474 682498
0.915410 417811
0.991832 418458
0.722545 984562
0.799387 682860
0.714447 1116481
0.765877 682970
0.880862 417413
0.818407 416110
0.779976 415462
0.671017 1065080
0.792175 415836
0.731366 1065400
0.759460 681657
0.857692 866841
0.776763 867902
0.774714 415184
0.716272 681881
0.848233 867919
0.789676 867361
0.971311 417976
0.816643 985480
0.878753 416070
0.974981 1066894
0.776930 867194
0.830835 983692
0.813627 682617
0.765760 680618
0.679389 1193921
0.819023 416388
0.842219 417190
0.944495 868177
0.774648 984767
0.790241 682607
0.830085 417282
0.797964 866811
0.900170 416684
0.704030 1118243
0.582901 681227
0.731259 681258
0.612223 983835
0.893119 417715
0.987432 418974
0.829771 415891
0.730883 982982
0.859205 416164
0.931448 1067317
0.964931 419098
0.671033 1154268
0.985405 418923
0.688957 682655
0.766212 681941
0.756314 983958
0.829386 867776
0.932097 417585
0.808253 415345
0.776519 415745
0.817541 415673
0.919240 868008
0.783594 415547
0.968160 417253
0.806938 682235
0.886089 1065694
0.962253 418551
0.722779 682289
0.600773 680574
0.888468 417712
0.657570 1193970
0.750230 683509
0.910881 867526
0.928982 417038
0.842970 983909
0.730976 1178844
0.930054 1068189
0.844807 984666
0.733227 984532
0.918638 867565
0.811578 1066125
0.864308 868784
0.587463 982890
0.813578 415155
0.924869 417473
0.732883 1117551
0.894964 1066230
0.803930 415938
0.927605 867831
0.669755 1117750
0.707561 1116797
0.910866 866144
0.802052 415246
0.987160 418537
0.848493 1210154
0.925515 418130
0.871330 1210128
0.729561 1064953
0.789428 867338
0.845278 866925
0.852928 866358
0.828724 1154623
0.842719 416769
0.957156 417219
0.976929 869593
0.615516 682334
0.813042 867150
0.765363 865812
0.850064 416134
0.944056 868130
0.833163 415646
0.866234 867306
0.596023 681011
0.615914 681332
0.775040 683045
0.819120 983950
0.806065 416726
0.981019 1065112
0.804010 415251
0.596505 1153165
0.944833 418860
0.610100 682233
0.843521 415915
0.815635 681884
0.830021 415949
0.682217 1118550
0.763137 415178
0.929920 1178495
0.790570 416223
0.679548 982905
0.648081 1154539
0.756146 414925
0.689286 1152995
0.671788 982720
0.599513 984004
0.838707 865606
0.821172 415784
0.818234 416047
0.921053 867998
0.963603 1179818
0.793972 415225
0.985911 867969
0.951725 418881
0.913537 1209498
0.810976 1117898
0.667462 681250
0.710827 680430
0.795007 415057
0.762090 681431
0.842353 1066333
0.907182 866695
0.941377 1068276
0.914036 1066247
0.813706 415523
0.947600 1066371
0.732084 681832
0.666990 682068
0.604051 983170
0.995939 868317
0.880311 417495
0.606453 680683
0.853331 415908
0.612496 681508
0.732758 415045
0.852801 1196351
0.783705 867161
0.713721 681502
0.754103 681057
0.762511 1194062
0.724901 867257
0.876192 417021
0.662627 681939
0.841969 1066637
0.903550 417116
0.726794 681141
0.694558 983974
0.980902 419279
0.786981 866602
0.857082 866641
0.874776 418197
0.726472 680716
0.758728 415006
0.934617 417876
0.867499 416489
0.596641 682808
0.604578 681508
0.787902 1194039
0.807087 415941
0.935188 418198
0.842422 866684
0.841011 416164
0.922481 1119907
0.966993 1068843
0.917542 868367
0.911803 417340
0.929464 416501
0.624937 1066722
0.824360 415690
0.948636 418091
0.775760 682071
0.903838 416659
0.949895 417602
0.766345 414939
0.912607 417019
0.849856 1178141
0.679627 680738
0.781063 984158
0.921193 417311
0.734689 985206
0.894183 868708
0.612873 984441
0.810450 415889
0.746557 984937
0.610171 1178200
0.593981 984278
0.730557 681849
0.816593 415778
0.942650 867935
0.741100 1065630
0.877662 416572
0.660988 1116333
0.652140 983157
0.718377 1064451
0.769725 681192
0.857047 416186
0.918390 417488
0.874077 416411
0.905258 865772
0.897258 417431
0.778363 682838
0.700786 681358
0.752707 415009
0.773367 415364
0.630638 982504
0.891998 417466
0.715152 680699
0.677128 983304
0.766725 866126
0.931671 1065734
0.918489 1066637
0.922874 417750
0.963962 418138
0.606670 982984
0.983695 1066439
0.778015 681134
0.822266 866579
0.797026 682831
0.890526 416474
0.925552 417609
0.922771 1067773
0.875926 867299
0.601926 681491
0.893351 1119310
0.847800 1118527
0.978769 417294
0.969698 418693
0.865660 415609
0.844203 865922
0.788801 415415
0.909396 417532
0.933775 417890
0.613093 1117301
0.827833 983963
0.894306 867157
0.702234 681149
0.767058 984026
0.926699 417030
0.701954 1064226
0.830137 1207776
0.814977 984214
0.919528 418152
0.768564 985526
0.862827 682606
0.873931 416129
0.823817 867301
0.869379 416029
0.735817 682509
0.875464 1157415
0.768805 1208548
0.755725 415258
0.772450 415266
0.661597 981104
0.800441 1066129
0.935789 417998
0.606135 681511
0.795916 681552
0.744232 681685
0.805442 415100
0.905908 416285
0.833441 416513
0.769532 681446
0.973729 1118980
0.783920 415126
0.669999 681889
0.655575 983568
0.679698 984782
0.619486 681178
0.792141 415434
0.601951 680824
0.981871 419738
0.964974 418572
0.787058 415196
0.759969 984036
0.895693 417312
0.885958 416663
0.784973 985983
0.754459 682637
0.914241 417770
0.954323 418433
0.922498 1068948
0.902744 416876
0.843693 681548
0.611777 1116938
0.835361 683635
0.967877 418159
0.983123 418703
0.945862 868474
0.833728 415553
0.656834 1118858
0.851458 684093
0.790473 1210686
0.983315 869570
0.764801 682412
0.677142 681475
0.723954 681698
0.861302 415402
0.837701 682006
0.826230 985192
0.704548 679930
0.937948 417973
0.865943 416754
0.792004 681176
0.783471 865846
0.795122 415849
0.824572 866167
0.867412 866385
0.775023 415430
0.823625 1065428
0.799969 984538
0.781603 1194267
0.958341 418499
0.731148 983828
0.956915 418362
0.880258 984786
0.824866 866431
0.757796 681700
0.820203 681950
0.826100 415693
0.914500 1065742
0.647468 681487
0.875486 867610
0.808358 415281
0.623512 984513
0.963300 867609
0.764822 1117685
0.609938 983167
0.598401 681143
0.690466 985082
0.756123 415446
0.783545 682231
0.771422 866990
0.954886 417403
0.781025 864837
0.814381 1209575
0.899074 866964
0.734643 679966
0.681228 681561
0.734031 984603
0.631391 681062
0.704667 984874
0.619071 983362
0.764793 681945
0.822315 682022
0.793398 682573
0.993892 418501
0.674542 1116675
0.723744 1154876
0.875320 1066032
0.704354 682215
0.811121 1063547
0.728300 682274
0.930139 417928
0.809197 682521
0.603891 983178
0.784967 1066465
0.985243 419405
0.827937 415351
0.885204 985212
0.819174 983984
0.803010 415238
0.953978 869415
0.732336 680833
0.840506 682825
0.830899 415805
0.838081 416437
0.665917 680776
0.808163 416127
0.909123 416496
0.989716 419773
0.743362 866655
0.739894 984431
0.733921 415019
0.885458 417061
0.656341 681587
0.840465 866020
0.689889 680492
0.968820 418352
0.957893 1067133
0.849517 1209565
0.826558 1119492
0.763493 1118614
0.648699 681571
0.834868 416583
0.837192 416557
0.823514 866026
0.826356 416540
0.743848 681894
0.764336 681920
0.975652 1067835
0.779592 868038
0.880519 416360
0.904003 867818
0.846318 1180769
0.985782 418991
0.670145 1063166
0.953127 418709
0.813136 984757
0.741671 1208462
0.817469 415537
0.865629 867709
0.688003 1206479
0.937155 868424
0.586665 1176128
0.699762 681629
0.692107 984699
0.892589 417831
0.607209 680448
0.927591 1066864
0.796648 866997
0.773816 684367
0.833402 416509
0.841756 416594
0.853546 417068
0.893451 1209331
0.972302 418752
0.931190 1156431
0.934253 868171
0.845033 1155979
0.941058 417847
0.912214 1119798
0.759492 414916
0.771744 682366
0.928648 1067321
0.740118 983089
0.863986 416647
0.931536 418061
0.590330 680242
0.734284 415041
0.729084 682274
0.917410 1067791
0.971999 869935
0.616424 984122
0.697566 681677
0.612503 682791
0.789475 415374
0.804363 416639
0.839791 415397
0.836654 1208994
0.753579 866242
0.723752 865377
0.848752 416218
0.988723 418309
0.680774 1193851
0.804263 414981
0.836510 682014
0.817465 415725
0.736172 681296
0.670776 1117725
0.940050 417485
0.933092 1067077
0.824659 683268
0.898440 868006
0.602379 1178294
0.775515 866615
0.823194 682556
0.764550 414988
0.660895 1064871
0.825441 985908
0.794493 415209
0.930714 1156776
0.773287 865940
0.704649 982871
0.838726 683048
0.842544 1064689
0.900297 867642
0.990775 1066930
0.818779 683062
0.788565 1209184
0.612781 983793
0.689083 983974
0.935324 417760
0.968845 418620
0.715213 984062
0.823643 416780
0.814619 415874
0.749877 682912
0.969683 1154517
0.984357 419120
0.949123 418556
0.963241 418403
0.954750 1067181
0.794185 415149
0.917614 1120276
0.772627 682641
0.818089 865948
0.635821 681378
0.694305 1065715
0.995529 868814
0.590892 983477
0.864003 416266
0.740681 680854
0.788368 682449
0.663445 983663
0.677952 682223
0.836462 866497
0.936105 417405
0.818752 415860
0.794107 415446
0.825349 868009
0.849175 416066
0.927402 868358
0.728815 865954
0.696130 680238
0.895071 417137
0.782991 414974
0.913517 417944
0.936761 416884
0.827887 415569
0.674340 682206
0.876990 1211245
0.974222 1067981
0.831771 416034
0.608708 1118687
0.910227 417683
0.834213 416366
0.798956 682732
0.824424 416724
0.790578 682389
0.847712 416522
0.941266 418390
0.760656 414925
0.934838 416932
0.824679 1068131
0.983607 1155932
0.784077 984284
0.920889 869041
0.782455 1118777
0.825165 416693
0.865726 1118939
0.817801 415659
0.807644 1120691
0.749337 1064424
0.720617 682600
0.828028 416174
0.816095 682079
0.800211 682291
0.801760 415761
0.785803 683014
0.897577 1066285
0.823947 682629
0.744185 1066763
0.727362 982475
0.772825 680722
0.834390 865898
0.913451 418481
0.786900 415421
0.913918 867430
0.964542 418384
0.709046 681345
0.987580 1067174
0.668899 681459
0.938856 417189
0.613642 1191525
0.814170 415292
0.924266 417229
0.592732 1192519
0.696206 682143
0.781679 415504
0.700545 984583
0.614622 1116024
0.814316 683030
0.679857 1119319
0.827181 867052
0.756941 985165
0.597552 681034
0.747732 984390
0.895454 417954
0.726573 1117007
0.750018 681923
0.984648 1157974
0.852520 866790
0.736347 681328
0.955023 419027
0.810026 415742
0.802692 983767
0.841875 683271
0.839901 1154442
0.922851 867281
0.860251 985651
0.778790 682355
0.836311 415877
0.780009 415417
0.717424 982723
0.852049 866384
0.806580 415186
0.785454 415145
0.895508 417305
0.667651 681118
0.921991 1119206
0.857813 1209421
0.660135 680923
0.922101 417709
0.834773 866423
0.850300 683547
0.772467 415490
0.653241 681469
0.595732 681242
0.869680 417260
0.994844 418683
0.773624 682038
0.846465 416716
0.839451 415439
0.979041 1179519
0.669833 984209
0.973090 419846
0.846572 416047
0.674405 984455
0.771906 983330
0.779328 681728
0.804617 865322
0.795464 866567
0.708723 414967
0.829616 416140
0.991458 1212001
0.728399 865958
0.785439 681201
0.668948 983888
0.730907 681869
0.826444 415080
0.900847 868443
0.609042 681380
0.838554 415883
0.970441 1067530
0.729263 680788
0.723133 984454
0.892347 416436
0.737547 681661
0.993054 418889
0.916745 1156427
0.930373 418595
0.804067 415170
0.821344 415728
0.982924 418564
0.850741 416937
0.845670 1153335
0.976947 1119224
0.844339 415098
0.736989 1192738
0.881224 416949
0.823433 984804
0.819882 1118574
0.930361 418554
0.894620 868265
0.726593 681968
0.857356 1119048
0.797767 984988
0.712398 1177615
0.787184 1118849
0.679779 1194005
0.670058 1118180
0.897040 866314
0.796765 865873
0.641127 680740
0.777396 681374
0.839914 1179519
0.720193 1176204
0.832853 866278
0.829525 681701
0.663501 983497
0.781139 415575
0.782567 681686
0.728813 681552
0.910502 416788
0.800508 682228
0.899097 417578
0.819426 415824
0.808117 416439
0.752843 1118551
0.617510 983998
0.958148 418699
0.619191 681277
0.761878 415726
0.839471 415387
0.800510 867255
0.735097 1117766
0.829295 866812
0.954130 1068083
0.744238 415058
0.990450 868596
0.820555 415360
0.766679 682339
0.706876 682958
0.665623 1116286
0.912241 869031
0.823791 415934
0.789356 415139
0.711839 984268
0.797916 1178926
0.668629 681716
0.662018 1193760
0.827319 415148
0.728544 1117684
0.728436 1118973
0.753750 1065935
0.591857 681880
0.855816 867847
0.814737 415446
0.979526 868429
0.762337 680896
0.885914 867240
0.792014 681359
0.910805 417015
0.701624 984040
0.986774 419702
0.856829 1066886
0.984737 418397
0.981723 418503
0.888705 417833
0.730448 683186
0.743128 415704
0.774714 1119899
0.592629 681468
0.980038 1210942
0.865930 868442
0.746469 681921
0.775927 1065739
0.782803 1155188
0.843467 416708
0.692179 682649
0.879886 416411
0.802300 984156
0.800836 682128
0.719640 1119665
0.789784 682617
0.980571 1068845
0.920150 867098
0.965329 869576
0.610439 982785
0.968553 418042
0.826719 1065200
0.831490 415892
0.962981 419204
0.615739 681663
0.732512 682819
0.804840 415628
0.851746 1066502
0.689962 984215
0.992460 418679
0.740059 415282
0.775244 1178207
0.616514 681463
0.981145 418359
0.792800 984385
0.727417 984756
0.821001 867211
0.695379 864653
0.702556 985180
0.716536 984134
0.930215 416875
0.585099 982197
0.970964 417312
0.856685 416158
0.946623 418488
0.895062 1121086
0.834269 415839
0.801361 415424
0.853797 416335
0.753492 984635
0.974845 417919
0.815636 415020
0.866558 1178817
0.767279 865342
0.824119 416662
0.585186 1116616
0.831560 416560
0.905400 1179148
0.759636 1154231
0.936447 867629
0.837232 415148
0.686854 680527
0.903710 416893
0.851897 986035
0.603814 681889
0.986889 870877
0.723720 681411
0.822300 415059
0.932152 417740
0.721824 681155
0.855409 867209
0.735937 981836
0.994752 869222
0.878753 416490
0.989616 418627
0.744482 680958
0.708214 1154087
0.719191 984704
0.650436 680348
0.921701 416999
0.845681 985131
0.932261 416833
0.855354 416504
0.997948 1155032
0.683178 681635
0.959722 418626
0.703285 1065678
0.957599 417516
0.803015 682247
0.693787 984786
0.738718 1177240
0.927761 417308
0.759962 984707
0.939942 867631
0.737960 682670
0.995026 1210647
0.914369 1178162
0.981042 869191
0.966916 417978
0.684516 681004
0.599075 1117598
0.781438 415009
0.757004 682342
0.724087 1155059
0.596869 681207
0.691336 1116946
0.785810 415135
0.600870 681745
0.993886 1209333
0.818219 681484
0.775069 415154
0.917807 416943
0.767584 682410
0.675449 682003
0.949888 418538
0.760114 985032
0.878750 1210404
0.727073 682023
0.906622 867497
0.739959 1193954
0.682447 682178
0.698229 679935
0.728293 682131
0.857762 416140
0.758960 682942
0.793453 986419
0.679678 984024
0.656150 682097
0.797187 683439
0.907768 867939
0.781699 681828
0.980078 418334
0.669364 680738
0.853315 416115
0.842221 865773
0.711410 1178382
0.846388 866342
0.755988 681859
0.797665 682558
0.903812 416789
0.671067 1175834
0.832054 867100
0.979321 868698
0.769063 681221
0.761250 682388
0.840113 985562
0.762660 1064594
0.850948 683294
0.951456 418173
0.897507 867759
0.959463 868374
0.986340 1153492
0.959316 867464
0.859791 867694
0.934998 417629
0.687784 682917
0.850007 415626
0.732150 984191
0.766893 414922
0.684992 984006
0.810002 866376
0.796625 415140
0.886258 416432
0.662469 681719
0.723712 681518
0.910157 868025
0.919176 1118767
0.950570 867448
0.808570 415466
0.826212 866141
0.960669 869386
0.892215 1210951
0.787544 984620
0.742351 1209960
0.902977 1067914
0.918011 869454
0.787985 683438
0.734582 415002
0.692749 1153351
0.793880 680257
0.866139 415680
0.918895 416141
0.662639 681008
0.735679 682293
0.613941 680607
0.808018 415148
0.932916 869078
0.955350 1066578
0.919439 868602
0.811961 416588
0.864781 416214
0.724775 682176
0.808333 415488
0.670077 681446
0.915725 1155422
0.782446 682659
0.979125 418501
0.803628 415363
0.601236 681088
0.649178 682793
0.719178 984032
0.875459 1118271
0.915130 418259
0.775956 682584
0.670048 681125
0.957563 1155836
0.976782 1156197
0.730299 681747
0.678197 681252
0.604074 1117019
0.969578 1066910
0.979200 419416
0.821297 681054
0.922037 867209
0.930232 1210162
0.711871 415012
0.766032 984551
0.716764 681869
0.723351 865911
0.811183 983086
0.920747 868406
0.686771 681039
0.974390 1066925
0.674242 680978
0.905532 416647
0.647589 682169
0.835546 682389
0.973330 868661
0.833034 415201
0.791196 681209
0.683534 681707
0.822915 1063904
0.662123 983023
0.973509 1065986
0.870272 866153
0.950289 1211594
0.991835 1066674
0.825247 1119558
0.707270 1177011
0.894606 416869
0.884614 1119181
0.907335 1065677
0.848928 865972
0.663300 1194501
0.931196 417065
0.974893 418415
0.610662 1194968
0.830655 682068
0.761005 415160
0.881430 1067343
0.722203 682354
0.682382 983766
0.936463 1120018
0.796879 865735
0.668699 681259
0.645288 1117222
0.891005 1211202
0.828785 416220
0.900962 416680
0.605800 983290
0.977465 419169
0.738268 1064643
0.597513 1193593
0.709396 681070
0.963985 417321
0.698530 1194653
0.929092 1154668
0.750085 866418
0.658049 1119269
0.975136 1067203
0.831873 869261
0.787281 682321
0.732233 681842
0.692550 682069
0.824486 1065758
0.773060 414978
0.727175 1194287
0.744353 414992
0.775102 415183
0.842246 682303
0.711563 682100
0.921621 417307
0.721759 682617
0.898712 417797
0.898804 1065873
0.986832 868569
0.738004 682162
0.592592 982867
0.812832 414989
0.918300 869785
0.916905 1210800
0.705831 985442
0.934341 869372
0.911627 867732
0.678311 682400
0.868988 416194
0.983439 1154332
0.824403 984878
0.852993 417193
0.862086 416830
0.976290 867248
0.831014 681567
0.692323 681482
0.730349 681103
0.796210 865456
0.829661 415743
0.907879 417194
0.819561 415861
0.744332 680652
0.872791 416513
0.797898 415534
0.717135 681379
0.911934 416940
0.821448 866012
0.763966 1210054
0.767073 984899
0.993147 418740
0.593603 680102
0.607428 1195583
0.938808 868472
0.811374 681829
0.929939 417881
0.737585 681294
0.856708 416492
0.835026 415896
0.872192 984949
0.816256 865435
0.737216 682570
0.698827 983912
0.856053 416956
0.803427 415279
0.914207 417154
0.614264 680656
0.791520 984671
0.735826 982844
0.835985 866722
0.757136 415345
0.784628 414964
0.902262 867564
0.701784 681971
0.666447 681665
0.621689 1117640
0.911484 1067211
0.972900 418123
0.791860 415333
0.620681 1176368
0.917320 417314
0.943082 1154221
0.675645 681934
0.859979 868386
0.821243 866367
0.952129 418248
0.928596 417775
0.845523 415967
0.712466 681065
0.967685 1119609
0.944138 867109
0.973516 1211421
0.973465 418257
0.938542 417876
0.824753 416159
0.775411 682561
0.943759 867841
0.900314 417528
0.671156 682152
0.733800 865699
0.827052 416008
0.874497 868350
0.802923 682940
0.842812 415990
0.950638 1067215
0.901102 417517
0.873788 417457
0.841831 683395
0.916861 866957
0.801091 682264
0.985672 418330
0.918040 417371
0.752827 681834
0.624258 681511
0.783165 414967
0.663455 984080
0.722221 681659
0.803481 1065730
0.852899 865853
0.743530 1065941
0.775284 1209552
0.846737 416495
0.841999 866708
0.961967 418006
0.962102 1154881
0.797861 415976
0.658086 984004
0.835498 415856
0.955991 1120943
0.832218 415924
0.685130 681298
0.796020 867431
0.692122 983870
0.727918 982348
0.826684 1178335
0.628891 984981
0.734925 1178722
0.967698 418874
0.827452 415663
0.596386 680660
0.726385 983408
0.774775 415554
0.897187 866703
0.880692 867523
0.833767 415221
0.863600 415681
0.910175 416653
0.746083 681129
0.747970 681318
0.982605 419334
0.690909 985493
0.737731 681445
0.806853 682558
0.656975 680846
0.833050 682830
0.815060 415643
0.890886 1066966
0.963210 418238
0.895757 416742
0.718771 984884
0.809812 865833
0.606336 1117242
0.782803 1065405
0.593425 681211
0.770292 682174
0.869646 416369
0.975084 1066843
0.721488 682927
0.820567 415663
0.658503 681804
0.868751 416514
0.893912 417833
0.920157 418196
0.958704 868506
0.607724 680247
0.763299 682263
0.987306 869770
0.980290 869842
0.818747 866626
0.910767 416665
0.807650 683076
0.925413 417240
0.958237 1119374
0.837089 1066938
0.702140 681729
0.802613 415803
0.748263 414969
0.663830 982732
0.862823 416727
0.910964 417094
0.654879 681011
0.884742 416979
0.675665 681539
0.924297 868412
0.908976 416266
0.693895 682187
0.668006 1176339
0.824453 416240
0.978129 418013
0.911041 866791
0.900774 1177105
0.761533 681540
0.873237 867241
0.788601 1211059
0.960708 868395
0.833264 415241
0.900423 417214
0.766643 1064856
0.831043 1176858
0.749901 682013
0.831580 415267
0.857818 415856
0.797310 416221
0.986592 418897
0.791057 681910
0.891412 417297
0.749753 984813
0.777807 415249
0.695073 1152958
0.716309 682069
0.971586 1067848
0.667931 865041
0.614775 681889
0.786803 683694
0.758829 681731
0.907049 1066628
0.949479 867284
0.933666 867307
0.709028 1119070
0.617027 983082
0.702389 681294
0.959311 869343
0.892342 683540
0.896974 416117
0.800109 415404
0.784098 985103
0.729191 681767
0.856099 416832
0.834367 1210462
0.778695 414924
0.794996 864949
0.900646 417311
0.784102 416065
0.773757 680911
0.727132 1119313
0.961865 867679
0.762604 985369
0.895355 1155047
0.885689 867046
0.685441 983754
0.930408 1066795
0.951240 418395
0.916289 416910
0.792916 681389
0.691529 1178114
0.989002 418201
0.684490 681281
0.837933 416407
0.782174 1066138
0.857253 416897
0.674372 680673
0.914986 417665
0.746490 682277
0.735594 985800
0.770803 864857
0.846418 682150
0.752547 681865
0.955831 1068182
0.969673 868984
0.823342 415979
0.816060 866956
0.720239 983398
0.959348 418647
0.791640 415045
0.849656 416721
0.983472 1180852
0.884905 1068286
0.842380 416137
0.804141 683564
0.603441 682334
0.989521 419013
0.742072 984581
0.955062 868243
0.895940 1119089
0.701470 681141
0.859010 867787
0.831932 415464
0.677443 1118083
0.682514 1118939
0.952507 418248
0.792823 415435
0.939813 418385
0.706149 680613
0.734326 683122
0.765372 680904
0.713056 1193397
0.835415 1176300
0.612751 680903
0.961090 1119397
0.979981 867116
0.629298 1192274
0.781195 681777
0.999568 418212
0.759259 681544
0.704314 681478
0.733156 682167
0.842127 866920
0.734339 680796
0.704453 681515
0.831722 1118419
0.765877 415024
0.917862 1066446
0.711271 984661
0.842536 865890
0.715366 1065120
0.966962 417939
0.854111 416202
0.794758 415076
0.798883 864946
0.688832 681422
0.802437 682345
0.676885 983976
0.780450 415046
0.845963 416652
0.841775 1119457
0.683079 983139
0.687837 681941
0.834724 416413
0.783742 416508
0.981717 867183
0.836628 416453
0.845147 416020
0.912736 417036
0.816331 681744
0.757736 984130
0.733010 1065154
0.804746 683128
0.874039 868303
0.689320 1117346
0.717262 680720
0.762292 415581
0.700278 680816
0.739151 866011
0.738887 681787
0.898134 417283
0.834634 416235
0.678988 983691
0.928229 867684
0.910478 868010
0.733644 680921
0.767794 415416
0.587837 1119080
0.674872 681286
0.893269 417202
0.819122 416344
0.848053 984296
0.922045 417801
0.786683 415602
0.892855 416309
0.672014 682400
0.883876 416191
0.962941 418593
0.884108 866044
0.737649 681687
0.782140 415589
0.658116 681917
0.975113 868316
0.739474 984811
0.850776 416079
0.597880 681867
0.914672 418455
0.939971 417008
0.940610 418455
0.790564 415082
0.850774 984572
0.855471 1064560
0.722408 681647
0.786542 415298
0.845346 416754
0.813456 1155966
0.975310 416949
0.991466 869027
0.853272 866731
0.949910 417691
0.773722 414984
0.989152 419265
0.920592 417139
0.952398 1067933
0.719502 681295
0.829589 683134
0.811273 866622
0.914051 867621
0.796844 416632
0.607531 983772
0.972353 867101
0.710569 682359
0.802268 681717
0.801519 415490
0.829524 1065555
0.735127 1154403
0.958934 417467
0.649371 683276
0.967932 869393
0.653977 1178626
0.771999 415875
0.657477 683239
0.821356 415968
0.720807 681512
0.827203 415619
0.851654 1067123
0.937507 418102
0.745126 681355
0.838332 865278
0.954391 418619
0.835315 867931
0.913497 867541
0.915905 417059
0.769540 682158
0.895735 867642
0.818717 682250
0.755890 1178432
0.850732 415330
0.785244 865848
0.824722 416232
0.873368 416181
0.705775 982660
0.831142 415944
0.933911 1211035
0.789890 682807
0.886093 417352
0.764321 985510
0.690395 984313
0.928833 869584
0.942859 416846
0.987818 1067493
0.667883 985768
0.842867 985370
0.617396 982987
0.871324 866972
0.935619 417837
0.790057 415916
0.923726 418042
0.677083 1117395
0.819282 866316
0.984822 418755
0.821647 416530
0.766619 415389
0.766060 1151537
0.924057 417899
0.789032 984521
0.667596 681538
0.726622 681694
0.944568 1209885
0.611476 681972
0.714370 414965
0.892736 417789
0.822142 1065188
0.970983 419000
0.765715 680737
0.761016 983231
0.839665 681948
0.790142 415692
0.725476 984293
0.837427 415771
0.886798 1068733
0.891856 417436
0.815071 865638
0.964478 418080
0.904370 416854
0.782696 682650
0.788001 682465
0.726605 680902
0.985780 419001
0.724235 984213
0.741082 415297
0.908764 417435
0.725396 867191
0.925913 867265
0.771753 682957
0.736693 1064480
0.861207 416252
0.686512 983013
0.984165 1067107
0.736660 1118478
0.834013 416111
0.815523 1065296
0.761952 866428
0.837057 415764
0.970380 418074
0.718083 681585
0.732729 983289
0.924025 866571
0.974573 868299
0.793245 1066053
0.913751 1155621
0.924968 867630
0.670847 982965
0.954123 418924
0.629393 1117053
0.879959 1066258
0.796841 983580
0.624268 679756
0.837671 415403
0.781858 866468
0.815313 415876
0.803048 415124
0.780049 415953
0.727003 681834
0.895022 416649
0.831291 1154525
0.957120 1209902
0.756368 683224
0.789680 866061
0.818511 1067979
0.850957 416636
0.837971 682785
0.637375 984255
0.667751 682468
0.811387 1193027
0.811160 683031
0.925934 417553
0.782036 683908
0.816734 415711
0.904204 416199
0.832043 415003
0.968536 417591
0.988005 869689
0.728077 681517
0.940008 418242
0.988167 418159
0.946208 418468
0.712627 1155461
0.593234 982786
0.804288 1152973
0.746883 415227
0.602216 681175
0.701392 984203
0.929160 417665
0.630468 680613
0.803653 682050
0.800207 681922
0.730571 984184
0.959327 418574
0.693663 1177095
0.967172 866810
0.685577 682659
0.725233 682104
0.735924 682098
0.782098 682378
0.813737 866589
0.689094 682293
0.599472 682134
0.693674 681956
0.964409 867067
0.693150 682514
0.838827 866287
0.915888 417123
0.832878 415860
0.720563 983911
0.975397 417946
0.729298 983781
0.992073 419056
0.679399 681161
0.808394 415732
0.843969 416116
0.709215 984404
0.816422 416489
0.866807 416708
0.754308 414983
0.863695 417286
0.820385 1155505
0.928110 866409
0.891572 867195
0.610857 1154523
0.762345 683671
0.771183 866607
0.921004 417866
0.876678 416199
0.921546 868517
0.986656 1177503
0.721548 682407
0.960856 1067284
0.829315 416207
0.915377 1067987
0.798342 415071
0.865123 1066063
0.898215 417425
0.918843 417977
0.704065 1208271
0.929804 417048
0.856112 868575
0.736048 983094
0.824821 1065417
0.812495 865752
0.921809 417225
0.933995 1209554
0.920436 417392
0.718180 680361
0.739441 415050
0.686166 1191806
0.726984 682106
0.811894 415403
0.785906 682366
0.790684 415270
0.999276 868776
0.689377 681738
0.828729 415294
0.793144 415558
0.845614 415401
0.860608 416397
0.973267 418410
0.739610 415268
0.630733 681259
0.776337 682429
0.792629 984203
0.669326 1153228
0.788451 866369
0.790632 866648
0.817614 415233
0.823192 415939
0.782561 985637
0.755126 866894
0.932007 867644
0.721300 682270
0.652359 983066
0.853488 416206
0.954135 418390
0.847719 415230
0.860569 1066001
0.829853 416583
0.767063 415322
0.668958 681825
0.682218 1177215
0.899723 1065627
0.927902 867736
0.868879 867454
0.979950 866690
0.927502 1067557
0.830487 1208787
0.950800 418345
0.596960 682006
0.740198 681004
0.956682 868754
0.836820 1065469
0.994897 419676
0.751676 865854
0.827871 1064666
0.778023 415324
0.913542 867225
0.843502 416023
0.800029 415477
0.813161 682585
0.769029 868053
0.662357 984469
0.839556 415615
0.893577 1208677
0.817345 982784
0.751444 681734
0.967293 419103
0.779340 415478
0.927671 868099
0.700256 1153788
0.745116 414945
0.827852 416484
0.722970 682367
0.763733 1119858
0.897580 867295
0.876565 1154301
0.871058 867177
0.765858 415080
0.757126 1117939
0.932695 867362
0.857049 416502
0.822351 416564
0.836652 867272
0.797856 681982
0.877129 416496
0.846701 867416
0.845248 868426
0.813296 682025
0.765906 415472
0.915986 416649
0.705178 681356
0.614746 681421
0.728835 681786
0.963270 1154040
0.841741 416521
0.922965 1156244
0.844192 1067235
0.748543 984698
0.911829 416480
0.593857 1116812
0.895262 866166
0.841422 416760
0.923572 417952
0.924487 1155964
0.974398 868327
0.844980 416661
0.661181 983749
0.842427 417454
0.654722 680065
0.606907 681245
0.933862 416713
0.963478 1210518
0.918314 866667
0.623032 1154905
0.949353 1066681
0.709528 682447
0.965616 417723
0.960781 417964
0.780171 868005
0.620468 682107
0.788077 682605
0.733443 1210440
0.885622 417115
0.981199 418291
0.905452 1210177
0.982868 418961
0.844589 415489
0.746102 680140
0.851295 416254
0.727424 1118654
0.886119 418052
0.969405 419154
0.890950 867303
0.929475 868244
0.921175 416802
0.994936 417485
0.935717 867949
0.761207 682453
-------
