0.500000 297000
0.700000 297000
0.625000 297000
0.735000 297000
0.925000 289200
0.805000 283200
0.935000 277200
0.590000 280800
0.640000 280800
0.710000 280800
0.920000 269400
0.575000 275400
0.745000 275400
0.840000 262200
0.690000 270000
0.815000 255600
0.870000 249600
0.585000 259200
0.790000 243000
0.895000 237000
0.970000 231000
0.825000 225000
0.910000 219000
0.655000 232200
0.595000 232200
0.685000 232200
0.855000 211200
0.880000 205200
0.995000 199200
0.990000 193200
0.525000 210600
0.615000 210600
0.755000 210600
0.950000 185400
0.845000 179400
0.890000 173400
0.555000 194400
0.940000 166800
0.565000 189000
0.980000 160200
0.740000 183600
0.610000 183600
0.750000 183600
0.635000 183600
0.915000 151800
0.530000 178200
0.520000 178200
0.665000 178200
0.885000 144000
0.930000 138000
0.725000 167400
0.860000 131400
0.560000 162000
0.720000 162000
0.830000 124200
0.580000 156600
0.780000 117600
0.960000 111600
0.785000 105600
0.965000 99600
0.705000 135000
0.730000 135000
0.695000 135000
0.865000 91800
0.675000 129600
0.570000 129600
0.975000 84600
0.550000 124200
0.775000 124200
0.505000 124200
0.545000 124200
0.515000 124200
0.985000 75600
0.850000 69600
0.540000 113400
0.630000 113400
0.800000 62400
0.645000 108000
0.650000 108000
0.715000 108000
0.620000 108000
0.955000 54000
0.875000 48000
0.510000 97200
0.810000 41400
0.600000 91800
0.660000 91800
0.905000 34200
0.900000 28200
0.605000 81000
0.835000 21600
0.945000 15600
0.765000 70200
0.535000 70200
0.760000 70200
0.795000 7800
0.680000 64800
0.670000 64800
0.770000 64800
0.820000 0
-------
0.500000 297000
0.700000 297000
0.625000 297000
0.735000 297000
0.925000 289200
0.805000 283200
0.935000 277200
0.590000 280800
0.640000 280800
0.710000 280800
0.920000 269400
0.575000 275400
0.745000 275400
0.840000 262200
0.690000 270000
0.815000 255600
0.870000 249600
0.585000 259200
0.790000 243000
0.895000 237000
0.970000 231000
0.825000 225000
0.910000 219000
0.655000 232200
0.595000 232200
0.685000 232200
0.855000 211200
0.880000 205200
0.995000 199200
0.990000 193200
0.525000 210600
0.615000 210600
0.755000 210600
0.950000 185400
0.845000 179400
0.890000 173400
0.555000 194400
0.940000 166800
0.565000 189000
0.980000 160200
0.740000 183600
0.610000 183600
0.750000 183600
0.635000 183600
0.530000 178200
0.520000 178200
0.665000 178200
0.725000 167400
0.560000 162000
0.720000 162000
-------
0.727833 286200
0.497570 583200
0.722830 286200
0.799465 279000
0.530592 280800
0.701483 577800
0.569348 280800
0.628538 577800
0.734951 577800
0.925657 559200
0.974919 264000
0.806919 541200
0.937223 529200
0.586300 540000
0.908587 245400
0.642787 534600
0.629190 253800
0.923789 238200
0.710208 529200
0.920431 501000
0.571515 518400
0.747504 518400
0.839282 486600
0.792967 218400
0.525312 232200
0.688507 502200
0.617476 232200
0.930557 210600
0.814727 460200
0.830978 198600
0.866430 442200
0.585080 469800
0.793592 429000
0.495794 205200
0.894299 416400
0.563821 199800
0.972570 403800
0.851101 166800
0.821412 385800
0.614857 183600
0.754461 183600
0.912946 372600
0.655550 410400
0.578034 178200
0.591882 410400
0.682381 410400
0.854823 356400
0.554054 172800
0.582841 172800
0.754383 172800
0.881156 342600
0.995748 330600
0.993806 318600
0.523128 367200
0.613328 367200
0.752709 367200
0.946567 297000
0.845556 285000
0.891468 273000
0.554742 329400
0.941242 259800
0.563871 318600
0.982691 246600
0.743188 307800
0.607639 302400
0.751941 297000
0.632752 297000
0.915000 151800
0.528974 286200
0.517655 286200
0.662597 280800
0.721273 253800
0.562860 248400
0.716976 248400
0.580000 156600
-------
0.725939 699600
0.988106 405600
0.524785 402600
0.699346 980400
0.570040 402600
0.626806 980400
0.928179 948000
0.807047 912000
0.835993 352200
0.640063 894000
0.921835 576600
0.707105 883200
0.750757 348600
0.622945 348600
0.682373 348600
0.568352 348600
0.573104 867000
0.836316 808200
0.795033 534000
0.687960 840000
0.620209 564600
0.827422 488400
0.862502 726000
0.569899 310800
0.968640 276600
0.790110 693600
0.494320 499800
0.529361 294600
0.616333 289200
0.969488 653400
0.851850 410400
0.723587 278400
0.617311 456600
0.752560 456600
0.984723 229200
0.845149 214800
0.565012 251400
0.757715 424200
0.640969 246000
0.685273 246000
0.991336 193200
0.536035 224400
0.526084 591600
0.848182 439800
0.555191 526800
0.986508 376200
0.744128 494400
0.608801 489000
0.615806 186600
0.754089 483600
0.758383 181200
0.493691 175800
0.665151 456600
0.759674 175800
0.550333 175800
0.566220 413400
0.715843 413400
0.579494 316200
0.578144 413400
0.499338 996600
0.600795 413400
0.725740 694200
0.802887 678000
0.531358 683400
0.569962 683400
0.737256 980400
0.951857 382800
0.976779 640800
0.935186 894000
0.586780 915600
0.897442 358200
0.910124 591600
0.631935 613200
0.630646 359400
0.563655 354000
0.924074 832200
0.744321 867000
0.527846 570000
0.818140 308400
0.932672 512400
0.811064 756000
0.585869 780600
0.918933 270600
0.658677 294600
0.895816 673200
0.566883 489000
0.823546 622800
0.609187 273000
0.912525 595800
0.654969 672600
0.576104 440400
0.590591 672600
0.684875 672600
0.851095 565200
0.554389 424200
0.583537 424200
0.879344 543000
0.998573 517800
0.993432 499800
0.861391 175200
0.610295 591600
0.749289 591600
0.950457 463800
0.891064 415800
0.944865 396000
0.565074 510600
0.632972 483600
0.916030 272400
0.526855 467400
0.514135 467400
0.733629 175800
0.722008 418800
-------
0.727957 1276200
0.986090 976200
0.523974 973800
0.524271 571200
0.714958 571200
0.699227 1551600
0.568020 973800
0.936206 561600
0.625470 1546200
0.930238 1503000
0.536286 560400
0.754489 560400
0.608980 560400
0.804484 1459200
0.837394 893400
0.642833 549600
0.641777 1443600
0.920178 1110600
0.703887 1427400
0.753531 892800
0.626058 892800
0.682666 892800
0.569230 892800
0.571680 1411200
0.628091 544200
0.600345 544200
0.833804 1331400
0.795129 1051200
0.684978 1373400
0.620409 1098000
0.827645 998400
0.983819 504000
0.865026 1224000
0.571878 828000
0.972066 768000
0.793202 1179000
0.494536 1006200
0.530108 801000
0.615413 795600
0.966466 1131000
0.849781 882000
0.722467 774000
0.613767 952200
0.753907 952200
0.915014 463800
0.983404 687000
0.720575 484800
0.630287 484800
0.754066 484800
0.842133 664800
0.566513 730800
0.847165 443400
0.760884 898200
0.638782 720000
0.610044 474000
0.687548 720000
0.987380 628200
0.855937 429000
0.533696 687600
0.526051 1054800
0.851251 861600
0.544299 457800
0.554101 984600
0.692053 457800
0.986715 790200
0.622658 452400
0.747071 946800
0.609096 941400
0.619287 639000
0.564671 452400
0.757642 936000
0.758611 633600
0.495337 628200
0.663789 909000
0.646777 452400
0.761802 628200
0.552988 628200
0.582349 452400
0.563098 865800
0.698168 452400
0.582937 452400
0.712658 865800
0.581505 768600
0.956131 397200
0.652353 447000
0.982571 390600
0.974147 384600
0.684279 436200
0.560042 436200
0.733529 436200
0.658419 436200
0.751800 436200
0.877255 375600
0.914310 369600
0.526650 425400
0.988167 363000
0.909964 357000
0.607608 414600
0.560492 414600
0.675668 414600
0.633655 414600
0.938553 348600
0.923561 342600
0.633075 403800
0.508730 398400
0.595513 393000
0.576120 806400
0.576742 393000
0.567882 393000
0.499780 1389600
0.603729 806400
0.754691 387600
0.728110 1081800
0.803329 990600
0.529714 1065600
0.568879 1060200
0.733365 1357200
0.954515 681600
0.571894 371400
0.976775 933000
0.932371 1174200
0.568496 355200
0.589614 1270800
0.899815 631200
0.913429 858600
0.591893 339000
0.631882 952200
0.628934 698400
0.663582 339000
0.727443 339000
0.630681 339000
0.565596 687600
0.928003 1077000
0.746541 1189800
0.529451 892800
0.817910 539400
0.930348 736800
0.809532 974400
0.586077 1087200
0.922586 482400
0.657357 590400
0.898468 872400
0.564317 779400
0.823753 814200
0.612329 552600
0.910900 768600
0.654109 936000
0.572254 703800
0.587203 936000
0.681149 936000
0.854622 723000
0.553161 682200
0.582395 676800
0.876482 687000
0.994713 655800
0.989893 631800
0.613110 822600
0.750699 822600
0.947138 580800
0.892038 526200
0.948584 500400
0.568868 725400
0.631960 693000
0.916639 361800
0.526388 671400
0.511819 671400
0.731081 379800
0.722309 606600
-------
0.731179 2060400
0.627000 778800
0.522447 1350000
0.711211 1350000
0.566092 1752600
0.928871 2263800
0.535970 1328400
0.639059 1306800
0.555038 757200
0.573311 757200
0.602958 757200
0.663360 741000
0.766532 741000
0.565897 1633800
0.572338 2152200
0.628854 1285200
0.602073 1285200
0.637142 741000
0.493484 730200
0.824465 1695600
0.576831 724800
0.847745 690600
0.979892 1188600
0.863009 1902000
0.616551 708600
0.531956 1493400
0.993821 651600
0.962700 1776000
0.973475 632400
0.752654 1623000
0.912837 1089000
0.984016 1306200
0.724511 1144800
0.633522 1144800
0.754811 1144800
0.519727 660000
0.845255 1275000
0.500811 654600
0.569127 1385400
0.751000 654600
0.598063 654600
0.844267 1045200
0.637533 1369200
0.575928 649200
0.607966 1123200
0.684605 1369200
0.853581 1015200
0.532244 1320600
0.522684 1687800
0.578059 633000
0.783453 564600
0.568034 622200
0.988246 1347000
0.606897 1552800
0.979147 542400
0.619279 1245000
0.760949 1542000
0.927204 534600
0.797879 528600
0.760165 1223400
0.663696 1498800
0.765377 1212600
0.551629 1212600
0.644271 584400
0.618908 584400
0.763895 579000
0.564182 1439400
0.700862 1026000
0.585075 1026000
0.713182 1439400
0.578744 1342200
0.655578 1015200
0.538844 557400
0.980053 468000
0.680336 988200
0.658282 988200
0.754213 988200
0.632144 552000
0.633835 552000
0.615724 535800
0.633342 535800
0.916420 798600
0.990097 785400
0.757921 514200
0.686652 514200
0.675641 923400
0.730467 508800
0.710824 508800
0.514277 508800
0.687227 503400
0.744612 503400
0.568606 503400
0.630829 912600
0.941901 733800
0.636503 891000
0.509595 885600
0.487102 487200
0.583184 487200
0.596512 880200
0.725790 487200
0.568120 874800
0.495922 1871400
0.752883 869400
0.578798 481800
0.528456 1542000
0.570313 837000
0.928970 1495800
0.565959 804600
0.591322 1720200
0.896889 945600
0.632594 766800
0.929812 1355400
0.528566 1304400
0.817303 802200
0.933787 987600
0.807937 1219200
0.654270 964200
0.823070 1021200
0.656838 1277400
0.587430 1277400
0.683612 1277400
0.854825 901800
0.585430 1012800
0.872539 858000
0.747352 1137000
0.944838 714600
0.894209 654000
0.946968 622200
0.634239 975000
0.525851 942600
0.728387 645600
0.718959 867000
0.665919 784200
0.982156 1753800
0.523270 1752600
0.702710 2330400
0.932316 1329600
0.588370 773400
0.621706 2319600
0.742631 768000
0.753900 1328400
0.607675 1328400
0.802582 2211600
0.564071 762600
0.839131 1639200
0.533457 757200
0.640391 2200800
0.919241 1846800
0.973884 730200
0.841502 724200
0.704165 2168400
0.749946 1633800
0.628153 1633800
0.685788 1633800
0.639452 741000
0.832112 2042400
0.797249 1756200
0.688287 2103600
0.620799 1828200
0.724532 714000
0.570738 1536600
0.971639 1438800
0.790388 1843800
0.812077 658800
0.493860 1698600
0.617685 1482600
0.848696 1521000
0.718922 1450200
0.614349 1623000
0.516720 660000
0.615615 649200
0.759708 1547400
0.984752 1220400
0.651221 638400
0.861611 579600
0.756142 633000
0.850351 1432800
0.544865 1085400
0.550516 1606800
0.691288 1080000
0.620037 1069200
0.901401 550200
0.750486 1558200
0.614936 611400
0.563585 1058400
0.684724 595200
0.999130 522000
0.556117 589800
0.498405 1218000
0.649223 1042200
0.968568 513000
0.518250 584400
0.583047 1036800
0.912397 503400
0.909325 496800
0.549607 573600
0.953730 884400
0.983630 871200
0.974083 859200
0.528354 552000
0.610595 552000
0.573194 552000
0.562062 988200
0.689535 552000
0.732624 988200
0.565744 552000
0.634213 535800
0.881225 810600
0.524482 950400
0.911441 773400
0.607158 928800
0.562714 928800
0.922493 721800
0.700035 487200
0.706189 487200
0.616364 487200
0.575373 487200
0.571769 487200
0.576185 1293600
0.577451 880200
0.605360 1288200
0.759063 481800
0.726305 1563600
0.802369 1345800
0.638965 476400
0.682676 476400
0.571314 1536600
0.734596 1833600
0.952182 1027800
0.980184 1266600
0.913645 1161000
0.592635 772200
0.628886 1380000
0.631235 1126200
0.666472 766800
0.723880 766800
0.567060 1110000
0.742642 1601400
0.587556 1477200
0.919060 708600
0.900518 1092000
0.564087 1147800
0.609647 899400
0.909400 957000
0.569429 1045200
0.554457 1018200
0.997143 814800
0.988201 784800
0.616399 1137000
0.568797 1012800
0.919197 460800
0.511727 942600
-------
0.733179 3129000
0.630708 1847400
0.522765 2418600
0.713644 2418600
0.566092 2821200
0.568878 1068600
0.931197 3323400
0.757919 1063200
0.951023 1053000
0.537990 2386200
0.583428 1057800
0.958660 1045800
0.688070 1052400
0.834456 1039200
0.638532 2353800
0.552808 1804200
0.572108 1047000
0.571692 1804200
0.605963 1804200
0.725473 1047000
0.539931 1047000
0.606729 1047000
0.664609 1788000
0.762655 1788000
0.569360 1047000
0.565582 2680800
0.663719 1047000
0.572862 3199200
0.632134 2332200
0.605296 2332200
0.615822 1047000
0.637967 1788000
0.492033 1777200
0.569765 1047000
0.825383 2716800
0.576904 1766400
0.849361 1705200
0.983872 2197200
0.864453 2904600
0.617500 1734000
0.540332 1025400
0.528589 2518800
0.992694 1646400
0.739770 1020000
0.586941 1020000
0.977826 987600
0.809146 981600
0.959956 2751600
0.970395 1602000
0.995941 963600
0.581418 993000
0.753426 2616000
0.913629 2045400
0.983023 2256600
0.724583 2127000
0.621336 982200
0.633335 2127000
0.752318 2127000
0.977166 942000
0.766805 976800
0.564157 976800
0.520409 1636800
0.806647 934200
0.843601 2203200
0.501744 1620600
0.567666 2351400
0.752426 1620600
0.597155 1620600
0.691687 966000
0.606797 966000
0.840821 1963800
0.981765 912600
0.640482 2324400
0.577155 1604400
0.609121 2078400
0.680826 2324400
0.851221 1919400
0.559469 949800
0.531406 2270400
0.518979 2637600
0.748132 949800
0.575496 1582800
0.739991 949800
0.786965 1459200
0.764196 944400
0.570310 1566600
0.991447 2234400
0.694516 939000
0.718950 939000
0.607612 2491800
0.983130 1422000
0.622643 2178600
0.913234 873000
0.696448 928200
0.760081 2470200
0.925238 1400400
0.796285 1388400
0.568724 917400
0.547940 917400
0.760156 2140800
0.576295 917400
0.577087 917400
0.587039 917400
0.660628 2416200
0.506160 917400
0.768815 2130000
0.788070 848400
0.586215 912000
0.550948 2124600
0.642427 1496400
0.491648 912000
0.618171 1496400
0.763560 1491000
0.560876 2351400
0.697146 1938000
0.588937 1938000
0.712508 2351400
0.575149 2254200
0.657476 1927200
0.539963 1469400
0.977436 1302600
0.600714 906600
0.678505 1894800
0.623283 906600
0.647821 906600
0.658652 1894800
0.564259 906600
0.755433 1894800
0.641652 906600
0.635517 1458600
0.758774 906600
0.634718 1458600
0.746950 906600
0.616484 1442400
0.631921 1442400
0.917290 1618800
0.663484 901200
0.991178 1599000
0.556826 895800
0.761490 1410000
0.683531 1410000
0.635125 895800
0.534170 895800
0.636571 895800
0.679225 1819200
0.730234 1404600
0.710073 1404600
0.975024 802200
0.515521 1399200
0.687291 1393800
0.744806 1393800
0.571271 1393800
0.633108 1803000
0.600474 890400
0.580430 890400
0.943023 1525800
0.632650 1776000
0.655309 885000
0.544951 885000
0.892406 784200
0.512892 1765200
0.486067 1366800
0.583846 1366800
0.596912 1759800
0.725966 1366800
0.569562 1754400
0.493855 2751000
0.756321 1749000
0.630760 879600
0.579400 1361400
0.494586 879600
0.524888 2421600
0.643626 879600
0.561831 879600
0.735600 879600
0.574155 1716600
0.927627 2264400
0.564222 1678800
0.594045 2594400
0.900412 1707000
0.612626 868800
0.628601 1635600
0.933574 2109600
0.892354 748200
0.708356 858000
0.997970 741600
0.974455 735600
0.523992 847200
0.866527 729000
0.525628 2146200
0.821046 1524600
0.733901 836400
0.930305 1703400
0.811016 1929000
0.626673 825600
0.716374 825600
0.656942 1789800
0.517094 825600
0.823704 1722600
0.578126 820200
0.511110 820200
0.741007 820200
0.645987 820200
0.659176 2097600
0.585686 2097600
0.680674 2097600
0.855916 1593000
0.591684 814800
0.587319 1827600
0.983711 684000
0.872413 1536000
0.567310 804000
0.522516 804000
0.957305 670800
0.754953 798600
0.743996 1935600
0.946989 1378200
0.486424 793200
0.895922 1311000
0.946298 1273200
0.735321 782400
0.930100 644400
0.681365 777000
0.638224 1746600
0.529614 1714200
0.635984 766200
0.731252 1411800
0.610220 766200
0.617978 766200
0.566874 766200
0.731593 766200
0.716992 1633200
0.709346 766200
0.528183 766200
0.626067 760800
0.589809 760800
0.627715 755400
0.757861 755400
0.496632 750000
0.627388 750000
0.596613 750000
0.740846 739200
0.680600 739200
0.483855 739200
0.617782 739200
0.578807 733800
0.684544 728400
0.765926 723000
0.663214 1507200
0.978227 2310000
0.657736 706800
0.523288 2459400
0.706100 3037200
0.934711 1872000
0.586417 1474800
0.710045 701400
0.575292 701400
0.619151 3021000
0.675399 701400
0.744443 1469400
0.749998 2029800
0.607902 2029800
0.634125 701400
0.800350 2742600
0.562699 1458600
0.839164 2163600
0.534993 1447800
0.638986 2891400
0.917691 2358000
0.976679 1235400
0.840878 1223400
0.706625 2837400
0.753230 2302800
0.622899 669000
0.627472 2302800
0.683722 2302800
0.638065 1410000
0.830021 2532000
0.793292 2239800
0.690094 2756400
0.514641 652800
0.617940 2481000
0.611314 652800
0.727964 1366800
0.573035 2189400
0.705922 652800
0.975534 1906200
0.553630 647400
0.607230 647400
0.787946 2304000
0.808613 1113000
0.491676 2335200
0.615204 2119200
0.845687 1968000
0.715696 2076000
0.615436 2248800
0.513260 1280400
0.616027 1269600
0.762119 2167800
0.987048 1644600
0.653254 1253400
0.865206 997200
0.759191 1237200
0.846608 1831200
0.541167 1678800
0.554161 2194800
0.694887 1668000
0.616564 1657200
0.901431 934200
0.747611 2140800
0.617003 1194000
0.562499 1641000
0.684953 1177800
0.996627 896400
0.557361 1167000
0.498693 1795200
0.649022 1619400
0.970511 879600
0.520746 1150800
0.584827 1587000
0.912757 837600
0.911599 824400
0.553582 1113000
0.950727 1205400
0.982066 1186200
0.972914 1167600
0.527339 1075200
0.611412 1069800
0.571003 1069800
0.563345 1506000
0.690015 1069800
0.731446 1506000
0.564888 1069800
0.635041 1042800
0.879153 1087200
0.521672 1452000
0.915367 1037400
0.606722 1419600
0.566688 1419600
0.919456 970800
0.697609 956400
0.703293 956400
0.616061 951000
0.578003 951000
0.567955 951000
0.576939 1757400
0.577286 1344000
0.602562 1752000
0.757124 945600
0.723615 2027400
0.806217 1560600
0.639913 934800
0.679568 934800
0.569060 1995000
0.730761 2286600
0.954946 1228200
0.981451 1460400
0.916412 1347000
0.593472 1209000
0.626101 1816800
0.630171 1563000
0.666800 1203600
0.720349 1203600
0.564984 1541400
0.745019 2032800
0.588241 1897800
0.915477 855600
0.901609 1227000
0.560156 1546800
0.606415 1298400
0.910341 1083600
0.571739 1428000
0.557558 1401000
0.998074 919800
0.988107 877800
0.617376 1503600
0.567268 1379400
0.512150 1287600
-------
0.720765 1425000
0.585753 1425000
0.622210 1425000
0.733492 4554000
0.624633 1425000
0.519027 3843600
0.563323 4246200
0.569640 2493600
0.557106 1414200
0.932710 4722600
0.758028 2472000
0.634349 1408800
0.948553 2445000
0.571802 1403400
0.535881 3789600
0.617714 1398000
0.688887 1398000
0.993912 1368600
0.640819 3741000
0.554660 3191400
0.569208 2434200
0.539126 1387200
0.608326 3191400
0.727030 2434200
0.763623 3175200
0.572669 2434200
0.695677 1387200
0.894023 1351800
0.565996 4062600
0.616134 2423400
0.632939 1376400
0.839172 1333800
0.573476 2418000
0.822954 4043400
0.994307 1314000
0.707417 1354800
0.571401 1349400
0.617663 1344000
0.526986 3862800
0.738502 2358600
0.985387 1284000
0.611488 1333200
0.980357 2264400
0.805526 2252400
0.623826 1322400
0.958724 4015800
0.700680 1317000
0.635825 1317000
0.971416 2859000
0.601369 1306200
0.910324 3288600
0.982789 3493800
0.632496 3422400
0.726610 1295400
0.523074 2926800
0.845734 3417000
0.750095 2899800
0.595731 2899800
0.609888 2245200
0.839149 3168000
0.638455 3592800
0.563261 1268400
0.610492 3346800
0.682408 3592800
0.848890 3108600
0.727272 1263000
0.530014 3533400
0.913593 1180200
0.576227 2840400
0.737796 2207400
0.786338 2631000
0.765051 2196600
0.567750 2818800
0.985982 2578800
0.623795 3420000
0.989099 1149600
0.762626 3700800
0.925481 2535600
0.596511 1219800
0.548745 2137200
0.575983 2137200
0.588916 2137200
0.987749 1118400
0.489776 1214400
0.658220 3630600
0.508685 2131800
0.630372 1214400
0.615080 1209000
0.638861 2705400
0.575319 1209000
0.619028 2705400
0.766888 2700000
0.574083 3463200
0.660597 3136200
0.572340 1209000
0.536619 2678400
0.979979 2393400
0.603201 2110200
0.915621 1083600
0.570719 1198200
0.621930 2104800
0.521681 1198200
0.875545 1075200
0.569058 1192800
0.577958 1192800
0.660384 3087600
0.748274 1192800
0.560956 2099400
0.750620 1187400
0.642687 2094000
0.637478 2646000
0.759490 2094000
0.638078 2640600
0.621741 1182000
0.743613 2083200
0.518557 1176600
0.580866 1176600
0.610694 1171200
0.663893 2072400
0.518628 1165800
0.684484 2575800
0.953304 1021200
0.562525 1160400
0.634827 2056200
0.545301 1160400
0.791621 1005000
0.726192 1149600
0.499879 1149600
0.533603 2045400
0.728509 1144200
0.544731 1144200
0.767346 1144200
0.673844 1138800
0.686357 2532600
0.675324 1138800
0.799817 978000
0.747321 2527200
0.629778 2936400
0.577512 2023800
0.978621 962400
0.891797 1731000
0.587170 2478600
0.818537 937800
0.669706 1106400
0.496507 3852000
0.634019 1975200
0.580042 2457000
0.527177 3517200
0.647088 1975200
0.641749 1095600
0.893882 909600
0.571900 2806800
0.613552 1090200
0.927839 3165600
0.739831 1079400
0.611737 1948200
0.619128 1079400
0.929243 885600
0.895118 1621800
0.707996 1921200
0.994218 1608600
0.524228 1899600
0.633345 1047000
0.528720 3193200
0.737577 1878000
0.931019 2543400
0.624445 1856400
0.630833 1030800
0.517485 1856400
0.821680 2533200
0.581194 1834800
0.573154 1014600
0.645588 1834800
0.711495 1014600
0.680779 3112200
0.854590 2391600
0.590276 1824000
0.618754 1009200
0.629478 1003800
0.983486 1467600
0.873704 2313600
0.752536 1786200
0.747742 2917800
0.586125 982200
0.570014 982200
0.674993 982200
0.946248 2010000
0.575200 960600
0.647811 960600
0.490708 933600
0.526070 2647800
0.635601 1699800
0.729087 2340000
0.614113 1694400
0.616329 1694400
0.635262 928200
0.709935 1694400
0.527899 1694400
0.565776 917400
0.493634 917400
0.599783 917400
0.589851 1678200
0.693620 912000
0.630461 1667400
0.758315 1667400
0.626164 912000
0.495186 1656600
0.687426 906600
0.628066 1656600
0.540525 906600
0.649699 901200
0.533950 901200
0.719852 901200
0.730980 895800
0.737987 1635000
0.678684 1635000
0.483336 1635000
0.620619 1635000
0.575580 1624200
0.683384 1618800
0.762177 890400
0.629782 890400
0.657534 1586400
0.679982 879600
0.612716 874200
0.709665 3911400
0.937904 2464800
0.576495 1564800
0.678018 1559400
0.608289 2882400
0.840985 2719800
0.638062 3733200
0.975780 1772400
0.685808 3112200
0.640544 2219400
0.828332 3040800
0.688198 3549600
0.510839 1446000
0.612221 1440600
0.557293 1429800
0.809409 1577400
0.714992 2836800
0.618583 3009600
0.513900 2041200
0.612120 2030400
0.760774 2928600
0.990019 2082600
0.755293 1987200
0.849925 2249400
0.543547 2418000
0.552335 2934000
0.696956 2407200
0.617911 2396400
0.613692 1922400
0.565402 2364000
0.999218 1280400
0.560712 1884600
0.496442 2512800
0.648113 2337000
0.583187 2283000
0.909801 1185000
0.562010 2169600
0.566570 1728000
0.521992 2094000
0.567201 2056200
0.919276 1222800
0.577801 1576800
0.572998 2383200
0.575421 1969800
0.722602 2653200
0.805222 1796400
0.913398 1541400
0.593414 1791600
0.624004 2399400
0.745962 2615400
0.586722 2469600
0.904424 1380000
0.570426 1962000
0.557930 1935000
0.995236 1019400
0.617603 2016000
0.566786 1886400
0.508452 1794600
0.517314 1425000
0.596394 1425000
0.767716 1425000
0.628038 3272400
0.713301 3843600
0.973895 1411800
0.998652 1405800
0.506828 1403400
0.582456 2461200
0.958025 2429400
0.558726 1398000
0.684256 2450400
0.543246 1398000
0.830980 2413800
0.568230 3191400
0.575164 1387200
0.564375 1387200
0.537864 2434200
0.707060 1387200
0.609216 2434200
0.660829 3175200
0.640774 1387200
0.486254 1387200
0.663245 2428800
0.572887 4581000
0.588256 1381800
0.964746 1343400
0.633356 3708600
0.603221 1376400
0.603935 3708600
0.641455 3164400
0.494580 3148200
0.578524 3132000
0.851676 3025200
0.982435 3504600
0.865681 4205400
0.592937 1344000
0.614975 3078000
0.544136 2369400
0.500362 1344000
0.710476 1344000
0.995960 2937000
0.586427 2353200
0.999490 2214600
0.581912 2299200
0.753954 3922200
0.721435 3422400
0.621460 2277600
0.756200 3422400
0.975420 2170200
0.764590 2266800
0.560534 2266800
0.807323 2154600
0.627530 1284600
0.498123 2899800
0.571186 3630600
0.693462 2245200
0.980931 2110800
0.580081 2872800
0.559609 2212800
0.518623 3900600
0.748343 2212800
0.507931 1257600
0.635651 1257600
0.991386 3399000
0.697625 2185800
0.716633 2185800
0.605849 3738600
0.731265 1241400
0.911481 2016600
0.700399 2158800
0.602517 1230600
0.631524 1230600
0.795041 2517600
0.568078 2137200
0.597575 1219800
0.759338 3360600
0.580717 2137200
0.530187 1214400
0.747519 1214400
0.749557 1214400
0.554734 1214400
0.767887 3344400
0.784658 1955400
0.586212 2121000
0.547199 3333600
0.494168 2121000
0.558170 3560400
0.695790 3147000
0.586907 3147000
0.714506 3560400
0.636076 1209000
0.678683 3098400
0.702793 1198200
0.584067 1192800
0.595852 1192800
0.649304 2099400
0.513414 1192800
0.918950 1063800
0.752142 3082200
0.948813 1054800
0.486372 1182000
0.664794 1182000
0.845402 1046400
0.616486 2619000
0.713851 1176600
0.627978 2619000
0.917512 2655600
0.990502 2628600
0.556818 2061600
0.761267 2575800
0.673190 1160400
0.601060 1160400
0.511665 1160400
0.734243 1160400
0.827181 1011000
0.633632 2045400
0.909916 996600
0.619233 1144200
0.679279 2963400
0.729526 2548800
0.708114 2548800
0.976735 1788600
0.516954 2538000
0.573928 2527200
0.600517 2023800
0.944094 2494800
0.634201 2904000
0.919415 956400
0.659151 2002200
0.756632 1117200
0.558174 1117200
0.606810 1117200
0.543846 2002200
0.672604 1117200
0.515766 2877000
0.489702 2478600
0.599964 2871600
0.722757 2478600
0.570435 2860800
0.987913 930600
0.756145 2850000
0.599452 1101000
0.595757 1101000
0.779865 922200
0.497484 1975200
0.562754 1095600
0.505122 1095600
0.693522 1095600
0.561629 1975200
0.724452 1095600
0.736218 1969800
0.764603 1090200
0.564552 2763600
0.591354 3679200
0.902152 2601000
0.627089 2715000
0.932638 2989200
0.973077 1596600
0.866388 1583400
0.546153 1047000
0.820864 2371200
0.812099 2763000
0.713242 1856400
0.578934 1030800
0.730735 1030800
0.529233 1030800
0.660046 2820600
0.643604 1025400
0.508248 1834800
0.739739 1834800
0.657606 3112200
0.655498 1014600
0.585550 3112200
0.642874 1009200
0.584063 2831400
0.571121 1797000
0.524660 1797000
0.954689 1441200
0.950123 2133600
0.488720 1764600
0.894149 2053800
0.734043 1743000
0.928013 1361400
0.536354 944400
0.679214 1721400
0.641823 2685600
0.599711 933600
0.628612 928200
0.569432 1694400
0.689132 928200
0.631324 928200
0.580267 928200
0.731610 1694400
0.715254 2561400
0.618792 928200
0.711170 917400
0.626881 917400
0.565570 917400
0.609031 917400
0.628169 1678200
0.746240 912000
0.635790 906600
0.616860 906600
0.595076 1656600
0.528375 901200
0.524220 895800
0.643963 895800
0.524819 890400
0.638310 890400
0.626041 890400
0.765291 1613400
0.663990 2397600
0.980015 2917800
0.519489 3333600
0.589615 2343600
0.710360 1570200
0.617142 3884400
0.566840 858000
0.741039 2322000
0.749649 2882400
0.637801 1554000
0.796935 3305400
0.558942 2305800
0.536430 2289600
0.915020 2907000
0.844832 1754400
0.709771 3657600
0.752163 3123000
0.621216 1489200
0.631428 3117600
0.797124 2742600
0.619755 3274200
0.731920 2154600
0.576660 2977200
0.705728 1440600
0.978019 2384400
0.604999 1429800
0.788769 2774400
0.492701 3106800
0.611366 2890800
0.846571 2424600
0.650028 2008800
0.867730 1428600
0.905231 1343400
0.745081 2874600
0.687414 1900800
0.972014 1254000
0.520606 1863000
0.911237 1159800
0.551469 1792800
0.952384 1533000
0.984738 1507800
0.973785 1482600
0.525606 1738800
0.608577 1733400
0.569198 1733400
0.691552 1733400
0.730687 2169600
0.633561 1690200
0.883083 1367400
0.913272 1309800
0.609949 2056200
0.699259 1582200
0.700745 1582200
0.619148 1576800
0.565068 1576800
0.605632 2377800
0.757554 1571400
0.639457 1555200
0.675685 1555200
0.569412 2615400
0.728191 2907000
0.952620 1455000
0.983344 1674000
0.632594 2145600
0.665735 1786200
0.724290 1786200
0.565383 2124000
0.915295 1015800
0.561100 2107800
0.602664 1843200
0.908582 1203600
0.989302 971400
-------
0.583174 3379200
0.728860 1954200
0.736366 6508200
0.739029 1954200
0.665384 1954200
0.921853 1944600
0.625554 3373800
0.560199 6195000
0.571218 4442400
0.554750 3363000
0.887018 1935600
0.929731 6652200
0.638154 3346800
0.614803 3330600
0.555303 5113200
0.729021 4356000
0.892199 3244200
0.563181 5979000
0.740547 1916400
0.643603 1916400
0.840470 3216000
0.990959 3183600
0.704348 3255000
0.512139 1900200
0.758952 1900200
0.987642 3142800
0.980439 4116600
0.958069 5854800
0.598727 1878600
0.980306 5312400
0.530090 1862400
0.589243 1862400
0.632664 5284800
0.523195 4783800
0.637498 1851600
0.593351 4751400
0.608693 4096800
0.841479 4962600
0.639645 5439000
0.565996 3114600
0.686182 5439000
0.763660 1840800
0.726355 3103800
0.533024 5374200
0.907202 1777800
0.757610 1830000
0.734308 4037400
0.766666 4021200
0.786668 1756800
0.987044 4329000
0.985256 2893200
0.996433 1737000
0.927305 4266600
0.593874 3017400
0.552686 3934800
0.587942 3934800
0.984163 2839800
0.764963 1792200
0.587334 1786800
0.611737 2995800
0.622473 1786800
0.619707 4492200
0.658075 4923000
0.575339 2995800
0.980100 4078200
0.579127 1765200
0.877538 2743800
0.735237 1759800
0.723639 1759800
0.661982 4847400
0.748907 2952600
0.639576 4405800
0.760980 3853800
0.620713 2941800
0.746592 3843000
0.582374 2936400
0.611426 2931000
0.565941 2914800
0.546802 2914800
0.788486 2643000
0.725766 2898600
0.497790 2898600
0.530617 3794400
0.731730 2893200
0.926698 1629600
0.542519 2887800
0.798466 2598600
0.631478 4674600
0.864826 1611600
0.979908 2568000
0.714366 1727400
0.927922 1597800
0.892575 3322200
0.571277 1716600
0.621647 1716600
0.587547 4195200
0.734052 1711200
0.492937 5563200
0.631366 3686400
0.574718 1711200
0.647906 3686400
0.572135 4512600
0.612368 1705800
0.930349 4729200
0.607764 1700400
0.615293 3648600
0.723999 1700400
0.820331 1553400
0.619759 2774400
0.593898 1689600
0.706091 3605400
0.946886 1527600
0.580043 1673400
0.688837 1673400
0.625695 3524400
0.759281 1668000
0.518098 3524400
0.821252 4040400
0.579529 3497400
0.575781 2677200
0.977265 1499400
0.565682 1657200
0.611607 1657200
0.681817 4769400
0.854019 3882000
0.587884 3475800
0.759940 1651800
0.876477 3783000
0.569561 1635600
0.986710 1462800
0.699599 1630200
0.745531 4548000
0.678802 2612400
0.802927 1446000
0.944310 3450000
0.986721 1426200
0.986722 1420200
0.623741 1597800
0.499407 1597800
0.527426 4245600
0.707025 1597800
0.646486 1597800
0.730408 3937800
0.686153 1597800
0.617419 3292200
0.616200 3286800
0.843802 1400400
0.547238 1587000
0.528168 3281400
0.539432 1587000
0.789937 1381800
0.490219 2493600
0.600232 2493600
0.845061 1371600
0.761130 3238200
0.557543 1570800
0.596329 1570800
0.486128 1570800
0.629755 2482800
0.523741 1570800
0.492305 3227400
0.624194 3222000
0.703183 1565400
0.540894 2472000
0.647294 2466600
0.941893 1348200
0.666880 1560000
0.733495 1560000
0.486172 3195000
0.616629 3195000
0.971714 1335000
0.578695 3178800
0.569511 1554600
0.633392 2445000
0.638921 1554600
0.627543 1549200
0.612780 2423400
0.740853 1543800
0.574260 3108600
0.681721 3103200
0.611531 4426200
0.705263 1538400
0.535289 1538400
0.695159 1538400
0.979294 3068400
0.524166 1533000
0.629149 1533000
0.748334 1527600
0.678938 1527600
0.641494 3747000
0.826957 4313400
0.691975 5066400
0.610504 2957400
0.626591 1516800
0.520109 1511400
0.910443 1251000
0.713728 4337400
0.619877 4510200
0.515821 3541800
0.633037 1500600
0.758829 4423800
0.549849 1495200
0.544323 1495200
0.752172 3471600
0.690723 1479000
0.985824 1213800
0.540358 3891600
0.550558 4407600
0.564021 3837600
0.780072 1201200
0.730191 1468200
0.510703 1462800
0.560371 3347400
0.553277 1462800
0.860467 1179600
0.726276 1452000
0.493149 3964800
0.646536 3789000
0.579215 3735000
0.624485 1441200
0.629071 1441200
0.757714 1441200
0.720249 1441200
0.565906 3610800
0.616459 1441200
0.570050 3169200
0.733795 1441200
0.559439 1430400
0.496970 1430400
0.690785 1425000
0.919045 2344800
0.721487 4051200
0.567376 1392600
0.644781 1392600
0.611247 1392600
0.564233 1392600
0.625035 1381800
0.653932 1381800
0.496217 1376400
0.657539 1376400
0.585280 3846000
0.711736 1376400
0.900675 2439000
0.573965 3322200
0.554141 3284400
0.992867 2047200
0.613783 3354600
0.575231 1338600
0.668260 1338600
0.564891 3219600
0.687497 1327800
0.584590 1327800
0.637396 1327800
0.672072 1327800
0.671763 1322400
0.490987 1322400
0.749312 1322400
0.616737 1306200
0.621702 1306200
0.691648 1306200
0.616708 1306200
0.485500 1306200
0.556502 1306200
0.639201 1306200
0.598517 1306200
0.613187 1306200
0.629204 4567800
0.711103 5139000
0.975283 2355600
0.997072 2343600
0.506759 2688000
0.586386 3745800
0.561259 2677200
0.682850 3729600
0.623840 1279200
0.834031 3335400
0.571116 4465200
0.619417 1273800
0.534765 3708000
0.660788 4449000
0.489056 2655600
0.587479 2650200
0.960858 2244600
0.600567 4966200
0.666532 1257600
0.575031 1257600
0.608699 1257600
0.579846 4389600
0.866059 5077200
0.595719 2585400
0.498216 2585400
0.565846 1241400
0.995678 3057600
0.752726 5142000
0.624584 3497400
0.759181 4642200
0.567600 1214400
0.764604 3481200
0.561517 3481200
0.625573 2493600
0.573052 4839600
0.983419 2928000
0.583096 4076400
0.514742 5104200
0.746700 3416400
0.565892 1203600
0.607864 4931400
0.522112 1192800
0.703922 3346200
0.606146 2418000
0.631744 2418000
0.657799 1187400
0.564164 3319200
0.600504 2401800
0.703462 1182000
0.760415 4542600
0.755080 1182000
0.580545 3319200
0.750316 2396400
0.751700 2396400
0.771818 4526400
0.497069 3297600
0.712491 4731600
0.638392 2369400
0.682331 4258800
0.702301 2358600
0.582201 2353200
0.651926 3254400
0.514439 2347800
0.755388 4231800
0.948318 1768200
0.485767 2320800
0.667794 2320800
0.848484 1745400
0.710351 2310000
0.630578 3752400
0.559983 3184200
0.508244 2277600
0.732415 2277600
0.633203 3151800
0.912569 1650000
0.678205 4064400
0.707106 3649800
0.974140 2433000
0.519389 3633600
0.570425 3622800
0.631575 3994200
0.922089 1584600
0.610625 2202000
0.487570 3563400
0.601214 3956400
0.722386 3563400
0.781044 1513200
0.566580 2158800
0.503718 2158800
0.697504 2158800
0.561762 3038400
0.592448 4737000
0.629845 3762000
0.932167 3540000
0.817970 2901000
0.733836 2045400
0.527487 2045400
0.661174 3835200
0.647101 2040000
0.508088 2849400
0.656831 2029200
0.587584 4126800
0.526043 2806200
0.951454 2625000
0.732082 2730600
0.931225 1833600
0.675264 2703600
0.625670 1899600
0.567467 2665800
0.627685 1899600
0.579219 1899600
0.733808 2665800
0.718541 3527400
0.616560 1894200
0.746392 1872600
0.634721 1867200
0.598858 2611800
0.522848 1851000
0.647938 1851000
0.637823 1845600
0.660794 3347400
0.978651 3312600
0.742204 3266400
0.640831 2498400
0.799726 3686400
0.533000 3228600
0.914113 3278400
0.845926 2119200
0.711040 4585800
0.634582 4040400
0.618029 4191600
0.702858 2358000
0.603076 2341800
0.648262 2877600
0.905151 1607400
0.741335 3727200
0.973649 1500600
0.910635 1385400
0.549573 2618400
0.950699 1752000
0.982139 1720800
0.521729 2542800
0.632860 2494200
0.612201 2849400
0.696920 2375400
0.616063 2364600
0.605981 3154800
0.756211 2348400
0.640311 2332200
0.672872 2326800
0.569846 3387000
0.731099 3678600
0.982927 1801800
0.722826 2536200
0.562079 2874000
0.719116 3379200
0.619337 3379200
0.519461 5792400
0.760627 4410000
0.948060 4367400
0.561375 1932600
0.568960 1932600
0.571119 3336000
0.538705 5722200
0.513244 1932600
0.688827 3330600
0.494136 1932600
0.991994 3280200
0.629106 1927200
0.641743 5668200
0.841901 1904400
0.614056 1921800
0.569012 4356000
0.535781 3309000
0.608323 1921800
0.608515 5113200
0.763555 5097000
0.574195 4356000
0.696341 3309000
0.570474 1916400
0.614393 4339800
0.630995 3292800
0.721873 1916400
0.570672 4329000
0.820373 5919000
0.674360 1900200
0.575195 3249600
0.618072 3244200
0.527354 5763000
0.737036 4258800
0.610487 3228000
0.806284 4098600
0.627491 3206400
0.717255 1884000
0.698424 3195600
0.631849 3195600
0.971170 4690200
0.602585 3179400
0.912505 5113200
0.724906 3157800
0.906249 1810200
0.553151 1857000
0.848788 5220000
0.749959 4751400
0.612542 5193000
0.559730 1846200
0.846137 4894200
0.911873 2952000
0.751409 1830000
0.576569 4670400
0.789293 4394400
0.564103 4638000
0.627318 5233800
0.760189 5509200
0.759495 1797600
0.543204 1797600
0.574624 3934800
0.709404 1792200
0.487102 3006600
0.656543 5422800
0.508908 3924000
0.631758 3006600
0.974274 1711800
0.637008 4492200
0.572107 2995800
0.766510 4486800
0.640471 1786800
0.571986 5250000
0.587251 1786800
0.960284 1698600
0.605174 1781400
0.757331 1781400
0.986284 1691400
0.534551 4454400
0.600600 3880800
0.652007 1770600
0.912765 2761200
0.566981 2963400
0.622137 3870000
0.745733 1765200
0.517705 2963400
0.569803 2952600
0.552121 1759800
0.688598 1759800
0.575180 2952600
0.559164 3859200
0.747912 2947200
0.638957 3853800
0.634727 4400400
0.636220 1759800
0.606836 1759800
0.585352 1759800
0.518029 2936400
0.664212 3832200
0.731138 1759800
0.571124 1759800
0.517376 2925600
0.680888 4335600
0.954833 2667600
0.527533 1754400
0.636071 3810600
0.770172 2887800
0.676549 2882400
0.689811 4276200
0.671829 2882400
0.746105 4265400
0.686930 1738200
0.581340 3762000
0.567532 1738200
0.615066 1727400
0.648704 1727400
0.726246 1722000
0.562976 1716600
0.818347 2520600
0.673050 2817600
0.577941 4168200
0.527998 5228400
0.644508 2806800
0.896532 2481000
0.614014 2796000
0.740177 2779800
0.528032 1700400
0.637104 1700400
0.575674 1700400
0.929364 2432400
0.894598 3162000
0.997253 3142200
0.573682 1673400
0.526936 3573000
0.752674 1673400
0.633772 2720400
0.527370 4866600
0.564361 1673400
0.734101 3551400
0.930889 4059600
0.634363 2698800
0.749291 1668000
0.643966 3497400
0.707826 2671800
0.530077 1657200
0.621505 2661000
0.633330 2655600
0.994781 1482000
0.983113 2943600
0.653405 1641000
0.750991 3416400
0.589973 2612400
0.625033 1630200
0.573249 2612400
0.929442 1452600
0.671084 1624800
0.573590 2574600
0.649543 2574600
0.611939 1614000
0.919143 1432200
0.669858 1597800
0.489358 2531400
0.487037 1597800
0.639534 3297600
0.954926 1407000
0.704907 1587000
0.633709 2515200
0.634728 1587000
0.518445 1587000
0.713320 3281400
0.980338 1389600
0.619205 1581600
0.708039 1581600
0.564394 2499000
0.566177 1576200
0.628435 1576200
0.578108 1576200
0.506138 1576200
0.589817 3254400
0.691739 2482800
0.630381 3238200
0.687906 2477400
0.606894 1570800
0.981720 1359000
0.586464 1565400
0.642687 1565400
0.752021 1565400
0.535623 2466600
0.721487 2461200
0.728626 2455800
0.739038 3195000
0.679499 3195000
0.661708 1560000
0.755677 1560000
0.658848 1560000
0.480055 1560000
0.707880 1554600
0.680496 1554600
0.686219 3173400
0.758636 2445000
0.558822 1554600
0.627216 1554600
0.991894 1323000
0.660914 3135600
0.683036 2428800
0.712387 5460600
0.936352 3778800
0.744513 1543800
0.588577 1543800
0.838331 4024200
0.634889 5271600
0.572346 1533000
0.782753 1288200
0.627073 1527600
0.687092 4639800
0.919006 1279200
0.520192 1522200
0.507918 2962800
0.853866 1264200
0.559290 2941200
0.812465 2834400
0.813227 1242600
0.612599 3525600
0.580890 1495200
0.991198 3316200
0.656050 1489800
0.902845 1227000
0.852883 3469800
0.532626 1473600
0.695678 3880800
0.616986 1473600
0.592063 1473600
0.617100 3870000
0.611325 3396000
0.741314 1473600
0.718277 1473600
0.648279 1468200
0.700390 1468200
0.997177 2473800
0.829455 1185600
0.607370 1452000
0.678492 1452000
0.596379 1452000
0.912963 2354400
0.552631 1441200
0.624405 1441200
0.555066 1441200
0.521246 1441200
0.531160 1441200
0.529192 1441200
0.524776 3524400
0.565149 3486600
0.578554 2980200
0.572917 3781200
0.576857 3367800
0.686746 1398000
0.575633 1398000
0.808991 2890800
0.653042 1392600
0.910882 2626800
0.590385 3178800
0.625189 3781200
0.743449 1381800
0.523117 1381800
0.524885 1381800
0.618092 1381800
0.749197 3997200
0.606820 1376400
0.723468 1333200
0.569829 1333200
0.598123 1327800
0.504714 3122400
0.716186 1327800
0.699839 1327800
0.738578 1327800
0.615315 1322400
0.508083 1322400
0.602314 1311600
0.536716 1306200
0.605272 1306200
0.716694 1306200
0.540534 1306200
0.619265 1306200
0.514471 2720400
0.592969 2720400
0.765968 2720400
0.690381 1284600
0.961712 3359400
0.540015 2677200
0.540652 1273800
0.574469 2661000
0.564478 2661000
0.709353 2661000
0.612936 3708000
0.638914 2655600
0.663411 3697200
0.570579 5849400
0.633500 4971600
0.600042 2639400
0.642881 4422000
0.491050 4405800
0.853671 3909000
0.985126 4382400
0.611335 4319400
0.544520 3610800
0.645307 1241400
0.714016 2585400
0.996348 3798600
0.588547 3583800
0.581008 3519000
0.719947 4642200
0.972176 3004200
0.731802 1214400
0.805036 2980200
0.498524 4108800
0.695252 3454200
0.558006 3416400
0.562588 1203600
0.505905 2461200
0.638031 2461200
0.990645 4199400
0.697519 3378600
0.714068 3378600
0.733197 2434200
0.908921 2808000
0.732585 1187400
0.792839 3300000
0.526481 1182000
0.531562 2396400
0.558474 2396400
0.493640 1182000
0.787236 2724000
0.584513 3297600
0.550539 4510200
0.556854 4731600
0.692890 4318200
0.586772 4318200
0.598734 2353200
0.915925 1785000
0.612763 3752400
0.918490 3345600
0.990583 3312000
0.761664 3698400
0.671425 2277600
0.604380 2277600
0.827364 1678800
0.622361 2245200
0.729332 3649800
0.602221 3119400
0.946208 3131400
0.658485 3087000
0.753493 2202000
0.557672 2202000
0.546396 3087000
0.671533 2202000
0.519200 3961800
0.566606 3945600
0.988527 1543200
0.753696 3918600
0.597664 2169600
0.592309 2169600
0.493798 3038400
0.721364 2158800
0.739726 3033000
0.766457 2153400
0.563982 3821400
0.901096 3171600
0.976842 2141400
0.865270 2121600
0.547447 2072400
0.812308 3286800
0.710649 2871000
0.582104 2045400
0.739911 2849400
0.658661 4126800
0.644561 2023800
0.580098 3840600
0.570956 2806200
0.955377 1939200
0.487532 2763000
0.890884 2532600
0.534969 1926600
0.638069 3667800
0.601638 1915800
0.689877 1899600
0.710727 1883400
0.626932 1883400
0.569483 1883400
0.611542 1883400
0.626336 2644200
0.619541 1861800
0.526916 1856400
0.526364 1845600
0.628773 1845600
0.765266 2563200
0.516454 4278000
0.591738 3288000
0.713883 2514600
0.613761 4828800
0.569709 1802400
0.751235 3826800
0.556453 3244800
0.755274 4051200
0.624302 2417400
0.800598 3091200
0.732111 3072000
0.577792 3894600
0.979068 2722800
0.788906 3106200
0.495873 4013400
0.611724 3797400
0.843615 2749200
0.869768 1707600
0.689746 2748000
0.523927 2704800
0.972523 1689600
0.605514 2537400
0.568344 2537400
0.691450 2537400
0.730067 2973600
0.883642 1553400
0.910762 1489800
0.702539 2375400
0.568381 2364600
0.955842 1590000
0.628811 2895600
0.667286 2536200
0.559316 2847000
0.598799 2582400
0.910037 1287000
-------
0.585804 6100800
0.729350 4675800
0.736526 9229800
0.741601 4675800
0.487958 2721600
0.667698 4675800
0.921183 4657200
0.629443 6090000
0.563564 2716200
0.547160 2716200
0.636977 2716200
0.563121 8911200
0.569711 7158600
0.554429 6079200
0.888023 4638000
0.982115 2696400
0.930206 9342600
0.640204 6046800
0.695464 2700000
0.618709 6030600
0.629589 2700000
0.898130 2682000
0.551903 7807800
0.670398 2694600
0.732265 7050600
0.889279 5918400
0.521962 2689200
0.560618 8668200
0.741444 4605600
0.642647 4605600
0.609976 2689200
0.841002 5881200
0.672158 2683800
0.989557 5842200
0.702979 5933400
0.512253 4578600
0.760705 4578600
0.987181 5793600
0.981667 6761400
0.955755 8493600
0.594963 4540800
0.978372 7944600
0.526507 4519200
0.587349 4519200
0.634449 7941600
0.521835 7440600
0.634663 4508400
0.590161 7408200
0.995057 2622600
0.614861 2651400
0.608357 6748200
0.844915 7578000
0.638665 8085000
0.568329 5760600
0.526106 2646000
0.683533 8085000
0.761057 4486800
0.725866 5749800
0.531427 8020200
0.905742 4383000
0.760082 4470600
0.733760 6678000
0.991446 2598000
0.766280 6656400
0.790569 4348200
0.609021 2629800
0.985257 6913800
0.986239 5472000
0.998183 4309800
0.924031 6833400
0.682246 2608200
0.503977 2608200
0.597011 5625600
0.554171 6543000
0.589439 6543000
0.987795 5397600
0.597667 2602800
0.767727 4395000
0.647465 2602800
0.628962 2602800
0.524037 2602800
0.590493 4389600
0.610718 5598600
0.624752 4389600
0.735803 2602800
0.687536 2602800
0.620609 7095000
0.637621 2602800
0.606618 2602800
0.591116 2602800
0.662051 7525800
0.577935 5598600
0.626009 2602800
0.694494 2602800
0.672325 2602800
0.978420 6618600
0.690400 2597400
0.576944 4362600
0.644266 2597400
0.738381 2597400
0.555367 2597400
0.873768 5275200
0.704091 2592000
0.736640 4351800
0.722491 4351800
0.659504 7439400
0.750745 5544600
0.639283 2592000
0.640248 6997800
0.757558 6445800
0.617208 5533800
0.743554 6435000
0.579015 5528400
0.766658 2592000
0.612210 5523000
0.753813 2592000
0.567284 5506800
0.544401 5506800
0.791700 5158800
0.723369 5485200
0.496507 5485200
0.532945 6381000
0.732116 5479800
0.923724 4137000
0.544696 5469000
0.800308 5099400
0.633263 7250400
0.850018 2494200
0.862280 4099800
0.979089 5050200
0.712654 4287000
0.925552 4073400
0.894436 5791800
0.569811 4265400
0.622636 4265400
0.640209 2548800
0.584948 6744000
0.735546 4260000
0.704392 2548800
0.489578 8112000
0.631303 6235200
0.603997 2548800
0.572478 4260000
0.647496 6235200
0.604886 2548800
0.566606 2548800
0.569396 7061400
0.560137 2548800
0.598227 2548800
0.558081 2548800
0.815253 2453400
0.611738 4249200
0.738803 2543400
0.931479 7175400
0.608815 4238400
0.618833 6186600
0.801229 2439000
0.590087 2532600
0.722661 4233000
0.823525 3985200
0.691779 2527200
0.621076 5301600
0.592858 4216800
0.704810 6132600
0.949262 3951000
0.487577 2521800
0.581360 4195200
0.510489 2521800
0.687423 4195200
0.626721 6046200
0.566644 2521800
0.757575 4189800
0.741244 2521800
0.517248 6046200
0.594671 2521800
0.818626 6451800
0.720291 2516400
0.578005 6013800
0.575645 5193600
0.621342 2516400
0.974964 3902400
0.568515 4168200
0.556315 2511000
0.575068 2511000
0.609195 4168200
0.681912 7280400
0.851750 6276000
0.587799 5981400
0.760753 4157400
0.973850 2386800
0.610979 2500200
0.764192 2500200
0.546992 2500200
0.878711 6162000
0.555914 2494800
0.655949 2494800
0.566153 4130400
0.988242 3834000
0.700160 4119600
0.746582 7037400
0.676916 5101800
0.806310 3809400
0.689914 2484000
0.943631 5806800
0.697131 2478600
0.748527 2478600
0.987924 3775800
0.559264 2473200
0.988076 3763200
0.679441 2467800
0.620756 4065600
0.675394 2467800
0.496116 4065600
0.494132 2467800
0.988788 2334000
0.528077 6708000
0.705455 4060200
0.650088 4060200
0.734116 6400200
0.635188 2462400
0.683445 4060200
0.615474 5754600
0.615060 5749200
0.846401 3723600
0.948293 2317200
0.550442 4038600
0.712388 2451600
0.794971 2310000
0.527397 5727600
0.538245 4033200
0.938790 2302800
0.701813 2440800
0.787405 3678000
0.582766 2435400
0.609661 2435400
0.620808 2435400
0.516978 2435400
0.488075 4929000
0.602913 4929000
0.576870 2435400
0.845486 3657600
0.504257 2430000
0.983798 2279400
0.762769 5662800
0.583802 2424600
0.557264 3995400
0.593486 3995400
0.483616 3995400
0.631701 4907400
0.521718 3995400
0.493535 5652000
0.621390 5646600
0.701849 2424600
0.700539 3990000
0.540742 4896600
0.650835 4891200
0.944323 3613800
0.690979 2419200
0.668319 3979200
0.729873 3979200
0.649634 2419200
0.489329 5614200
0.528642 2419200
0.618605 5614200
0.968594 3590400
0.579723 5592600
0.571460 3968400
0.626402 2413800
0.631013 4858800
0.640137 3968400
0.605560 2413800
0.984086 2245800
0.625713 3957600
0.609810 4831800
0.739727 3952200
0.576869 5517000
0.679752 5511600
0.628555 2408400
0.614409 6834600
0.939245 2235600
0.587156 2403000
0.614190 2403000
0.705505 3941400
0.722560 2403000
0.685565 2403000
0.533531 3941400
0.697473 3941400
0.982362 5293800
0.522164 3930600
0.632458 3930600
0.745757 3925200
0.675556 3925200
0.641706 6144600
0.656961 2397600
0.824065 6529200
0.693614 7458600
0.613389 5349600
0.628300 3909000
0.685150 2392200
0.521072 3903600
0.559696 2392200
0.912418 3457200
0.712863 6724200
0.763799 2386800
0.616870 2386800
0.531546 2386800
0.620444 6897000
0.665355 2386800
0.640219 2386800
0.598444 2386800
0.987019 2195400
0.516205 5923200
0.474585 2381400
0.636609 3882000
0.674090 2381400
0.597319 2381400
0.748873 2381400
0.760575 6805200
0.547370 3876600
0.544920 3876600
0.755297 5853000
0.525052 2381400
0.627694 2381400
0.569877 2381400
0.691202 3860400
0.988362 3394800
0.521989 2376000
0.740011 2376000
0.537419 6267600
0.882812 2173200
0.553450 6778200
0.712230 2370600
0.573394 2370600
0.939149 2165400
0.617513 2365200
0.567683 6202800
0.926048 2158200
0.906926 2152200
0.776454 3347400
0.591296 2349000
0.700102 2349000
0.729901 3817200
0.567692 2349000
0.507592 3811800
0.559659 5696400
0.550130 3811800
0.641135 2349000
0.862004 3315000
0.724675 3795600
0.494818 6308400
0.999125 2128200
0.648761 6127200
0.536719 2338200
0.504294 2338200
0.934031 2120400
0.696619 2332800
0.581604 6067800
0.623849 3774000
0.519674 2332800
0.626282 3774000
0.611841 2332800
0.755979 3774000
0.724070 3774000
0.566371 5943600
0.617345 3774000
0.684972 2332800
0.766605 2332800
0.498164 2332800
0.572021 5502000
0.993409 2106000
0.669839 2327400
0.557589 2327400
0.733625 3768600
0.600487 2327400
0.903831 2097600
0.560792 3752400
0.495388 3752400
0.521569 2322000
0.593076 2322000
0.573151 2322000
0.692844 3747000
0.736799 2322000
0.922384 4432200
0.806728 2081400
0.562460 2311200
0.738279 2311200
0.632813 2311200
0.586607 2311200
0.855128 2073000
0.594983 2305800
0.628088 2305800
0.724026 6357000
0.771042 2305800
0.569287 3698400
0.643404 3698400
0.533651 2305800
0.608868 3698400
0.637935 2305800
0.842402 2061600
0.630579 2300400
0.532611 2300400
0.564508 3693000
0.579839 2300400
0.488714 2300400
0.751602 2300400
0.626791 3682200
0.652150 3682200
0.549014 2300400
0.493307 3676800
0.656318 3676800
0.582108 6146400
0.710665 3676800
0.902666 4486800
0.955913 2041800
0.572432 5611800
0.721704 2289600
0.705088 2289600
0.552042 5574000
0.995568 4080600
0.916876 2027400
0.564915 2278800
0.615933 5633400
0.607411 2278800
0.575698 3617400
0.666318 3617400
0.574209 2278800
0.567651 5498400
0.813554 2017200
0.684756 2273400
0.745487 2273400
0.964785 2010000
0.686611 3595800
0.717376 2268000
0.975834 2002800
0.847762 1996800
0.583545 3585000
0.639955 3585000
0.934153 1989600
0.563904 2251800
0.615023 2251800
0.669325 3579600
0.675344 3574200
0.682282 2251800
0.739080 2251800
0.489985 3574200
0.986952 1979400
0.749634 3568800
0.609781 2246400
0.601835 2246400
0.718560 2246400
0.951566 1971000
0.641008 2241000
0.982128 1964400
0.573377 2235600
0.613312 3541800
0.617953 2235600
0.619862 3541800
0.687975 3541800
0.616326 3541800
0.538497 2235600
0.515229 2235600
0.483945 3541800
0.645545 2235600
0.514941 2235600
0.741562 2235600
0.554350 3541800
0.979850 1950600
0.611352 2230200
0.530507 2230200
0.636761 3536400
0.600865 3536400
0.570282 2230200
0.612795 3536400
0.660461 2230200
0.627267 6798000
0.934246 1939800
0.707829 7363800
0.870711 1933200
0.972874 4282800
0.993462 4264800
0.633163 2208600
0.563420 2208600
0.508326 4896600
0.582418 5954400
0.831778 1912800
0.559348 4880400
0.681217 5932800
0.621440 3482400
0.964778 1905000
0.834927 5234400
0.669269 2192400
0.572974 6657600
0.621966 3466200
0.537767 5900400
0.662433 6641400
0.686091 2192400
0.491809 4848000
0.585036 4842600
0.962360 4132800
0.598775 7153200
0.667855 3444600
0.575936 3444600
0.743898 2187000
0.610859 3444600
0.570123 2187000
0.619901 2187000
0.579487 6576600
0.864354 6954600
0.599220 4767000
0.496173 4767000
0.565006 3423000
0.668375 2181600
0.723209 2181600
0.993767 4926000
0.754517 7318200
0.621542 5673600
0.756206 6818400
0.567207 3390600
0.767071 5657400
0.560711 5657400
0.627662 4669800
0.571698 7015800
0.983127 4785600
0.731440 2170800
0.580342 6247200
0.627926 2170800
0.512792 7275000
0.743321 5587200
0.904524 1848600
0.562444 3369000
0.499768 2165400
0.606401 7096800
0.601386 2165400
0.763328 2165400
0.526100 3358200
0.704384 5511600
0.609178 4583400
0.628726 4583400
0.661599 3352800
0.741005 2165400
0.560983 5484600
0.902199 1835400
0.600990 4561800
0.691061 2160000
0.699709 3342000
0.764250 6702600
0.757158 3342000
0.584446 5479200
0.752512 4556400
0.748310 4556400
0.490628 2160000
0.746725 2160000
0.756521 2160000
0.770587 6686400
0.850826 1822200
0.814349 1816200
0.661292 2149200
0.611354 2149200
0.497419 5446800
0.711025 6880800
0.739879 2149200
0.637443 4518600
0.581279 2149200
0.685693 6408000
0.701803 4507800
0.581633 4502400
0.652023 5403600
0.570293 2149200
0.564008 2149200
0.514453 4497000
0.616740 2149200
0.624796 2149200
0.715059 2149200
0.754628 6381000
0.951867 3567600
0.483366 4464600
0.666158 4464600
0.937348 1792200
0.847627 3531600
0.752052 2133000
0.727945 2133000
0.709062 4443000
0.632892 5885400
0.944735 1777800
0.558973 5311800
0.661874 2127600
0.509506 4405200
0.734683 4405200
0.956207 1769400
0.543944 2122200
0.630473 5274000
0.914972 3412200
0.621428 2116800
0.680472 6181200
0.706760 5766600
0.971116 4187400
0.522468 5745000
0.571870 5734200
0.635289 6105600
0.921330 3331200
0.607756 4308000
0.484871 5669400
0.603336 6062400
0.725471 5669400
0.638463 2106000
0.685752 2106000
0.784828 3250200
0.563571 4259400
0.505677 4259400
0.696126 4259400
0.563613 5139000
0.754560 2100600
0.749352 2095200
0.767349 2095200
0.588838 6832200
0.663772 2095200
0.631816 5851800
0.771790 2089800
0.932310 5252400
0.516450 2084400
0.661165 2084400
0.484387 2084400
0.683282 2084400
0.584652 2084400
0.821520 4604400
0.731346 4124400
0.526017 4124400
0.661667 5914200
0.635007 2079000
0.646995 4113600
0.722968 2073600
0.621215 2073600
0.509952 4923000
0.523508 2073600
0.658286 4102800
0.758477 2073600
0.563713 2073600
0.586279 6200400
0.523877 2073600
0.696168 2073600
0.638736 2073600
0.762082 2073600
0.525154 4879800
0.625843 2073600
0.560455 2073600
0.950205 4304400
0.735201 4798800
0.934822 3506400
0.541545 2062800
0.678649 4766400
0.611562 2062800
0.582723 2062800
0.649958 2062800
0.581925 2062800
0.638695 2062800
0.487428 2062800
0.612224 2062800
0.557441 2062800
0.612833 2057400
0.491216 2057400
0.570625 2057400
0.628894 3957000
0.570286 2057400
0.569147 4723200
0.631420 3957000
0.579148 3957000
0.737333 4723200
0.642227 2057400
0.570893 2057400
0.718765 5584800
0.613911 3951600
0.562851 2057400
0.526365 2057400
0.498047 2057400
0.748653 3930000
0.620934 2057400
0.555568 2057400
0.690815 2052000
0.717802 2052000
0.637579 3919200
0.660767 2052000
0.641958 2052000
0.697896 2052000
0.599427 4663800
0.709368 2052000
0.587577 2052000
0.520106 3903000
0.535964 2052000
0.617875 2052000
0.648392 3903000
0.636149 3897600
0.657195 5399400
0.757648 2052000
0.976489 4940400
0.618866 2041200
0.686457 2035800
0.590449 2035800
0.742810 5302200
0.643343 4534200
0.801626 5293200
0.536134 2030400
0.533075 5259000
0.750521 2030400
0.913995 4877400
0.847863 3712200
0.515928 2019600
0.711522 6605400
0.687908 2019600
0.633762 6060000
0.728196 2019600
0.544167 2019600
0.611379 2019600
0.614197 6211200
0.577130 2019600
0.561901 2019600
0.609172 2019600
0.619373 2019600
0.699187 4377600
0.746822 2019600
0.604643 4361400
0.511220 2019600
0.550898 2019600
0.564563 2019600
0.601345 2019600
0.514348 2019600
0.651456 4897200
0.639517 2019600
0.675936 2019600
0.771018 2019600
0.529712 2019600
0.560904 2019600
0.679504 2019600
0.908025 3178200
0.642564 2014200
0.711789 2014200
0.758119 2014200
0.741949 5741400
0.592378 2014200
0.562761 2014200
0.586291 2014200
0.578948 2014200
0.618317 2008800
0.976077 3054000
0.664623 2003400
0.544568 2003400
0.602147 2003400
0.675580 2003400
0.912519 2930400
0.549070 4616400
0.950392 3290400
0.981463 3253200
0.525443 4530000
0.654339 1987200
0.707483 1987200
0.757773 1987200
0.631520 1987200
0.565731 1987200
0.591907 1987200
0.559346 1987200
0.634479 4481400
0.610086 4836600
0.571956 1987200
0.565975 1987200
0.494886 1981800
0.504414 1981800
0.598065 1981800
0.743912 1981800
0.698729 4357200
0.615355 4346400
0.583888 1981800
0.596903 1981800
0.609462 5136600
0.757469 4330200
0.600372 1981800
0.703617 1981800
0.640587 4314000
0.674358 4308600
0.568594 5368800
0.727665 5660400
0.650796 1981800
0.985555 3292800
0.619490 1965600
0.726619 4501800
0.558109 4839600
0.748602 1960200
0.511579 1960200
0.614060 1954800
0.758712 1949400
0.528491 1938600
0.517416 1938600
0.708668 1938600
0.524641 1938600
0.548883 1938600
0.713787 1933200
0.571861 1933200
0.554806 1933200
0.574844 1927800
0.693086 1922400
0.666299 1917000
0.611480 1917000
0.634539 1906200
0.563102 1900800
0.491911 1900800
0.609387 1900800
0.616485 1900800
0.678840 1900800
0.758280 1900800
0.514605 1900800
0.587772 1895400
0.655996 1890000
0.568450 1890000
0.489296 1890000
0.739181 1890000
0.740982 1884600
0.624085 1884600
0.718784 1879200
0.651769 1879200
0.745934 1879200
0.475787 1879200
0.719938 5258400
0.617289 5258400
0.712618 1879200
0.715226 1879200
0.520913 7666200
0.757978 6283800
0.950389 5724000
0.561497 3801000
0.565417 3801000
0.568311 5204400
0.535449 7590600
0.561218 1868400
0.630440 1868400
0.540755 1868400
0.509313 3801000
0.685603 5199000
0.494158 3801000
0.990694 4624800
0.630451 3790200
0.644527 7531200
0.844547 3241800
0.611308 3779400
0.575600 1857600
0.571948 6213600
0.534629 5166600
0.609799 3779400
0.754032 1857600
0.612341 6965400
0.615834 1852200
0.606976 1852200
0.762819 6949200
0.577878 6208200
0.695626 5161200
0.571503 3768600
0.611709 6192000
0.629557 5145000
0.721829 3768600
0.578940 1852200
0.569166 6181200
0.817221 7233600
0.677452 3747000
0.574821 5096400
0.615382 5091000
0.526626 7609800
0.738202 6105600
0.606521 5074800
0.808560 5403600
0.628502 5047800
0.716791 3725400
0.696325 5037000
0.726915 1841400
0.629023 5037000
0.727606 1841400
0.658346 1841400
0.974030 5985000
0.602822 5015400
0.912613 6401400
0.728973 1830600
0.724993 4988400
0.570967 1830600
0.908727 3090600
0.556720 3682200
0.851022 6493800
0.752593 6571200
0.609756 7012800
0.562461 3666000
0.843193 6160200
0.915738 4206000
0.753641 3633600
0.579304 6474000
0.555811 1803600
0.619174 1803600
0.792451 5640000
0.561462 6436200
0.629440 7032000
0.698936 1798200
0.758393 7307400
0.763191 3595800
0.544379 3590400
0.743127 1792800
0.717468 1792800
0.714929 1792800
0.570967 5727600
0.578892 1792800
0.597702 1787400
0.710054 3579600
0.764676 1787400
0.559399 1787400
0.487972 4794000
0.652768 7204800
0.511235 5706000
0.635491 4788600
0.575548 1782000
0.971894 2921400
0.728458 1776600
0.654074 1776600
0.639390 6268800
0.572507 4772400
0.497572 1776600
0.770015 6263400
0.638788 3563400
0.763345 1776600
0.538868 1776600
0.572747 7026600
0.584528 3563400
0.960816 2895600
0.608125 3552600
0.754343 3552600
0.987784 2881200
0.533773 6220200
0.600819 5646600
0.651142 3536400
0.910220 3943200
0.565605 4713000
0.622360 5619600
0.743885 3514800
0.517584 4713000
0.573780 4702200
0.555123 3509400
0.691603 3509400
0.576196 4702200
0.559825 5608800
0.745372 4696800
0.639366 5603400
0.638100 6150000
0.638939 3509400
0.602857 3509400
0.588491 3509400
0.515345 4686000
0.667522 5581800
0.731340 3509400
0.567376 3509400
0.518479 4675200
0.684562 6085200
0.955168 3812400
0.530873 3498600
0.637734 5554800
0.770541 4632000
0.680488 4626600
0.690932 6020400
0.674036 4626600
0.745372 6009600
0.685319 3482400
0.583559 5506200
0.565614 3482400
0.611390 3466200
0.650654 3466200
0.724042 3460800
0.564369 3455400
0.820111 3627000
0.670325 4540200
0.575239 5890800
0.529814 6945600
0.645113 4524000
0.895026 3571800
0.611564 4507800
0.741034 4491600
0.528778 3412200
0.634488 3412200
0.579287 3406800
0.930918 3504000
0.891205 4227600
0.997666 4201800
0.575543 3363600
0.525429 5263200
0.749659 3363600
0.634065 4410600
0.524893 6556800
0.561009 3363600
0.732780 5241600
0.928268 5107800
0.638342 4383600
0.752844 3352800
0.641340 5182200
0.707508 4356600
0.529055 3342000
0.623156 4340400
0.634547 4335000
0.995112 2510400
0.982105 3966000
0.652081 3309600
0.749570 5085000
0.586020 4281000
0.627424 3298800
0.572054 4281000
0.925544 2464800
0.670262 3288000
0.576220 4237800
0.647354 4237800
0.615001 3277200
0.917468 2434200
0.667458 3250200
0.493042 4183800
0.488244 3250200
0.640528 4950000
0.951027 2383800
0.703433 3228600
0.632394 4156800
0.635997 3228600
0.520296 3228600
0.711979 4923000
0.978025 2355000
0.623081 3217800
0.709515 3217800
0.567086 4135200
0.564451 3212400
0.628811 3212400
0.575715 3212400
0.506164 3212400
0.587303 4890600
0.692754 4119000
0.626499 4874400
0.687420 4113600
0.609445 3207000
0.978172 2306400
0.582942 3196200
0.642092 3196200
0.751759 3196200
0.539112 4097400
0.723899 4092000
0.727407 4086600
0.735347 4820400
0.676562 4820400
0.662998 3185400
0.759447 3185400
0.657283 3180000
0.477195 3180000
0.707552 3174600
0.683346 3174600
0.685909 4793400
0.762410 4065000
0.557644 3174600
0.628088 3174600
0.995801 2235600
0.658202 4750200
0.685091 4043400
0.712200 7075200
0.932868 4681800
0.744593 3147600
0.584722 3147600
0.840561 4912200
0.638359 6870000
0.572093 3131400
0.783842 2167200
0.629214 3120600
0.685120 6232800
0.915215 2143800
0.519811 3104400
0.511710 4545000
0.851449 2120400
0.556348 4518000
0.809461 3682800
0.809671 2082600
0.611646 5091600
0.577516 3061200
0.988840 4149000
0.653465 3050400
0.900362 2051400
0.851267 4282200
0.535518 3018000
0.691698 5419800
0.614611 3012600
0.591730 3012600
0.615692 5409000
0.609864 4935000
0.742039 3012600
0.717808 3012600
0.650301 3007200
0.697740 3007200
0.997774 3265800
0.829209 1971000
0.608642 2974800
0.680805 2974800
0.596188 2974800
0.911169 3123600
0.551893 2958600
0.622770 2958600
0.557571 2958600
0.518046 2958600
0.534291 2958600
0.530611 2958600
0.527735 5036400
0.562271 4998600
0.575488 4476000
0.573169 5271600
0.573403 4858200
0.683286 2888400
0.575192 2888400
0.805710 3609600
0.652199 2877600
0.909057 3335400
0.591641 4658400
0.621620 5260800
0.742250 2861400
0.521069 2861400
0.524559 2861400
0.614343 2861400
0.747053 5476800
0.604416 2856000
0.725121 2807400
0.573252 2807400
0.595199 2802000
0.501159 4596600
0.713170 2802000
0.702212 2802000
0.738315 2802000
0.618893 2796600
0.504209 2796600
0.603802 2769600
0.538478 2758800
0.603731 2753400
0.712948 2742600
0.542148 2742600
0.622573 2737200
0.514009 4146000
0.594579 4146000
0.766801 4146000
0.690115 2710200
0.957990 3964200
0.539797 4097400
0.536905 2694000
0.571073 4081200
0.562889 4081200
0.707481 4081200
0.613894 5128200
0.635895 4075800
0.659591 5117400
0.573511 7269600
0.636194 6386400
0.597653 4054200
0.645714 5836800
0.491287 5820600
0.851790 4492200
0.983994 4959600
0.611275 5723400
0.542523 5014800
0.644010 2645400
0.715238 3984000
0.994797 4361400
0.589059 4977000
0.584975 4906800
0.719648 6030000
0.971011 3544800
0.732627 2591400
0.807068 3514200
0.498362 5480400
0.692876 4825800
0.559157 4782600
0.559833 2569800
0.505015 3827400
0.641377 3827400
0.993109 4713000
0.695358 4739400
0.714381 4739400
0.729664 3795000
0.909246 3312000
0.736391 2542800
0.794416 3797400
0.523234 2532000
0.533700 3746400
0.555836 3746400
0.497280 2532000
0.787736 3211200
0.586144 4642200
0.553242 5854800
0.556116 6076200
0.689933 5662800
0.589861 5662800
0.601668 3697800
0.918204 2240400
0.614592 5070000
0.920960 3780600
0.988636 3741000
0.760717 4999800
0.671692 3579000
0.601221 3573600
0.825976 2094000
0.625776 3530400
0.726874 4935000
0.599866 4404600
0.945421 3530400
0.660421 4366800
0.753088 3481800
0.559589 3481800
0.542873 4366800
0.669677 3481800
0.519425 5241600
0.570142 5220000
0.991034 1923600
0.750478 5187600
0.595011 3438600
0.590898 3438600
0.490331 4307400
0.724284 3427800
0.743348 4302000
0.762759 3422400
0.560475 5090400
0.903833 3538800
0.974731 2502000
0.862708 2476200
0.544935 3325200
0.813283 3633000
0.711155 4118400
0.585721 3292800
0.741797 4086000
0.661935 5363400
0.646591 3260400
0.576885 5077200
0.569263 4042800
0.952763 2259000
0.485956 3988800
0.888921 2839800
0.532934 3147000
0.639083 4888200
0.599761 3136200
0.692093 3109200
0.709821 3093000
0.627088 3093000
0.573165 3093000
0.608043 3093000
0.626856 3853800
0.621184 3060600
0.525621 3055200
0.523468 3044400
0.624820 3044400
0.761994 3751200
0.518259 5466000
0.593524 4476000
0.713038 3702600
0.616988 6016800
0.566477 2990400
0.748226 5014800
0.560138 4432800
0.755917 5228400
0.623316 3594600
0.798493 3315600
0.733034 4243800
0.576245 5066400
0.982957 2938800
0.791274 3316200
0.496106 5174400
0.609143 4958400
0.840302 2950800
0.869981 1894200
0.689828 3887400
0.526939 3844200
0.969631 1851000
0.605246 3660600
0.570866 3660600
0.689003 3660600
0.727485 4096800
0.700718 3471600
0.564866 3455400
0.631784 3959400
0.668303 3600000
0.562460 3900000
0.599436 3635400
-------
0.728047 8404200
0.919819 8370600
0.631577 9807600
0.678604 3717600
0.563832 6433800
0.544396 6433800
0.636586 6433800
0.560781 12628800
0.569731 10876200
0.573926 3717600
0.887062 8339400
0.983741 6391800
0.928296 13032000
0.691978 6390600
0.670042 6379800
0.697961 3685200
0.736202 10735800
0.888890 9573600
0.560329 12348000
0.743428 8285400
0.561050 3679800
0.606513 6369000
0.837085 9525600
0.991234 9479400
0.988456 9422400
0.597148 8193600
0.586325 8166600
0.632350 11589000
0.635697 8150400
0.993699 6208800
0.529622 3631200
0.613909 6282600
0.565846 3631200
0.612029 10374000
0.841015 11149200
0.637915 3620400
0.569729 9381000
0.528606 6266400
0.681469 11705400
0.763834 8107200
0.734363 10293000
0.989534 6151200
0.763583 10266000
0.611374 6234000
0.989079 10452600
0.988616 9004800
0.923323 10354200
0.918545 3514200
0.721295 3577200
0.503356 6185400
0.503278 3577200
0.596600 9202800
0.705891 3577200
0.586718 10114800
0.996963 3490200
0.689226 3561000
0.625666 6158400
0.576921 3555600
0.631286 3550200
0.732366 3550200
0.735691 6153000
0.690260 6153000
0.621405 10639800
0.660695 3544800
0.608661 6147600
0.590805 6147600
0.629664 6147600
0.669464 6147600
0.979328 10069800
0.622382 3539400
0.578920 7902000
0.851667 3442200
0.703815 6120600
0.555028 3528600
0.638168 3528600
0.748176 9073200
0.565064 3528600
0.642643 10526400
0.613710 9062400
0.740924 9963600
0.582137 9057000
0.601133 3528600
0.752806 6115200
0.620595 3523200
0.565779 9030000
0.541455 9030000
0.792197 8565600
0.719669 9003000
0.734001 3512400
0.541797 8981400
0.802300 8489400
0.496318 3507000
0.736060 3507000
0.980309 8419800
0.709182 7777800
0.715250 3480000
0.626420 7745400
0.696817 3480000
0.702647 6028800
0.987744 3345000
0.631814 9709800
0.985696 3337200
0.569499 7729200
0.618155 3469200
0.646789 9704400
0.661333 3469200
0.565885 6018000
0.567331 3469200
0.687550 3469200
0.632712 3469200
0.596310 6018000
0.554616 6018000
0.736304 6007200
0.619522 9645000
0.822720 7279800
0.607531 3442200
0.689173 5969400
0.572379 3442200
0.704220 9574800
0.530582 3442200
0.514982 3436800
0.552591 3436800
0.510864 5958600
0.686411 7632000
0.625365 9483000
0.754495 7626600
0.737797 5953200
0.507813 3431400
0.515147 9477600
0.594618 5953200
0.560603 3431400
0.725784 3426000
0.578213 9439800
0.618137 5942400
0.713326 3420600
0.568548 7588800
0.853170 9517800
0.761373 7572600
0.973734 5621400
0.876941 9382800
0.553307 5893800
0.990240 7047000
0.698071 7513200
0.743041 10431000
0.544520 3393600
0.714214 3393600
0.809532 7012800
0.693881 5872200
0.942074 9003600
0.614812 3382800
0.509858 3382800
0.984647 6964200
0.555869 5850600
0.991578 6945000
0.498135 7437600
0.542059 3372000
0.746277 3366600
0.567793 3366600
0.525090 10074600
0.571870 3366600
0.625577 3366600
0.651778 7426800
0.632576 5829000
0.618132 9115800
0.846120 6880200
0.945303 5461800
0.546723 7389000
0.716087 3350400
0.600823 3350400
0.620349 3345000
0.951288 3127200
0.606396 5764200
0.491357 8257800
0.638877 3328800
0.602587 8257800
0.756229 3328800
0.708426 3328800
0.844008 6759000
0.502689 5753400
0.604029 3318000
0.579813 5742600
0.596721 7313400
0.523300 7313400
0.706689 3318000
0.607361 3318000
0.997594 3079200
0.540313 8209200
0.650655 8203800
0.687088 5726400
0.608511 3307200
0.742854 3307200
0.981804 3063000
0.647466 5721000
0.492038 8916000
0.527113 5721000
0.595459 3301800
0.967909 6643800
0.582227 8889000
0.639856 3296400
0.627363 5710200
0.629237 3296400
0.637657 7264800
0.606360 5710200
0.986540 5288400
0.627183 7248600
0.575105 8808000
0.676501 8802600
0.628424 5699400
0.611726 10125600
0.620693 3291000
0.488635 3291000
0.555967 3285600
0.614326 5688600
0.702264 7227000
0.531942 7227000
0.548737 3285600
0.645163 3280200
0.644557 3280200
0.977934 3006600
0.943555 2991600
0.684243 5656200
0.909165 6438600
0.852455 2973000
0.620798 5640000
0.527805 5640000
0.585782 3253200
0.619145 10150200
0.739349 3253200
0.516955 9171000
0.478204 5629200
0.634011 7129800
0.675135 5629200
0.522485 3247800
0.758263 10053000
0.551129 7124400
0.576592 3247800
0.752899 9100800
0.524746 5629200
0.624923 5629200
0.569958 5629200
0.738183 5618400
0.534303 9510000
0.879091 5108400
0.555775 10009800
0.563566 3231600
0.622182 3226200
0.617292 5586000
0.704752 3220800
0.907873 5050800
0.779075 6239400
0.569593 3204600
0.731503 7021800
0.628939 3204600
0.504460 7016400
0.780823 2881200
0.553909 7011000
0.858611 6188400
0.492511 3193800
0.998857 4993200
0.704510 3188400
0.627048 3188400
0.507041 5526600
0.547715 3183000
0.621492 6957000
0.635871 3183000
0.521371 5515800
0.740137 3183000
0.624935 6957000
0.612575 5515800
0.753070 6957000
0.619924 6957000
0.497351 5515800
0.752383 3177600
0.561214 5505000
0.732987 6946200
0.528255 3177600
0.639488 3177600
0.601786 5505000
0.692496 3177600
0.734851 3172200
0.536453 3172200
0.523036 5494200
0.589895 3166800
0.738605 5488800
0.598763 3166800
0.925318 7237800
0.809404 4880400
0.697331 3156000
0.991293 2788200
0.594856 3150600
0.587708 3150600
0.851631 4853400
0.592597 5451000
0.570060 6843600
0.609248 6843600
0.637975 5451000
0.535137 5440200
0.560884 6832800
0.579716 5440200
0.623747 3139800
0.751863 5440200
0.591604 3139800
0.579723 3139800
0.996443 2754000
0.596354 3134400
0.650446 6816600
0.777083 2746800
0.931094 2740200
0.764717 3123600
0.850601 2732400
0.572852 3118200
0.710554 6795000
0.955181 4759800
0.703411 3107400
0.707932 5397000
0.508390 3107400
0.727922 3107400
0.566954 3107400
0.915362 4728000
0.566041 5375400
0.605173 5375400
0.809577 2691000
0.649225 3091200
0.669705 6708600
0.578482 3091200
0.501387 3091200
0.555265 3085800
0.742380 5359200
0.694345 3085800
0.967719 4681800
0.685408 6676200
0.720345 5348400
0.846019 4654800
0.582344 6654600
0.760221 3069600
0.638942 6654600
0.936385 4639800
0.677037 3064200
0.753492 3064200
0.618759 5316000
0.669762 6643800
0.677537 6638400
0.489315 6638400
0.733792 3064200
0.565759 3048000
0.747544 6616800
0.589334 3048000
0.717116 5289000
0.723120 3042600
0.675977 3042600
0.637290 5278200
0.617002 6568200
0.563533 3026400
0.620546 5262000
0.573426 3026400
0.730192 3026400
0.734564 3026400
0.608373 3026400
0.749313 3026400
0.486945 6568200
0.511911 5262000
0.742707 5262000
0.557288 6568200
0.615154 5251200
0.607570 3021000
0.600950 6557400
0.628617 3021000
0.672406 3021000
0.571590 5251200
0.609620 6557400
0.561060 3021000
0.628735 9819000
0.629542 3021000
0.936363 4500000
0.871282 4486800
0.997293 6806400
0.519280 2999400
0.704753 2999400
0.632402 5208000
0.507890 7896000
0.564094 2988600
0.560026 7869000
0.727366 2977800
0.631249 2977800
0.537404 8872800
0.634041 2972400
0.492679 7820400
0.573440 2972400
0.965523 6623400
0.595673 10120200
0.711687 2967000
0.740097 5154000
0.568862 5154000
0.595513 2967000
0.609069 2967000
0.599317 7728600
0.564167 6384600
0.553898 2961600
0.992814 2454000
0.653052 2945400
0.635782 2945400
0.588525 2945400
0.564620 6336000
0.770453 8602800
0.569767 9961200
0.537887 2945400
0.731282 2945400
0.732855 5110800
0.577021 9187200
0.608139 2940000
0.512303 10215000
0.739946 8527200
0.589348 2940000
0.902347 4275600
0.501127 5100000
0.662060 2934600
0.608778 10031400
0.764102 5100000
0.982566 2417400
0.705527 8440800
0.630810 7512600
0.663789 6282000
0.563561 2923800
0.662841 2918400
0.601842 7480200
0.700906 6260400
0.938536 2389800
0.754057 7469400
0.747658 7469400
0.772021 9594000
0.851972 4195800
0.817208 4183200
0.607531 5046000
0.952541 2358600
0.498643 8338200
0.741691 5040600
0.689308 9294000
0.576073 2886000
0.702408 7393800
0.584855 7388400
0.563410 2886000
0.652704 8289600
0.621383 5029800
0.756579 9261600
0.484637 7339800
0.541050 2864400
0.523277 2864400
0.589862 2864400
0.726053 4997400
0.630031 8749800
0.562875 8170800
0.526690 2859000
0.958044 4060800
0.700906 2853600
0.632882 8127600
0.677402 9029400
0.526275 8577000
0.569580 8566200
0.636425 8937600
0.558947 2832000
0.510582 2826600
0.605964 7134600
0.648025 2826600
0.480992 8496000
0.587025 2826600
0.729356 8496000
0.619913 2826600
0.664321 2826600
0.573603 2815800
0.523381 2815800
0.504510 7075200
0.694874 7075200
0.565639 7954800
0.751898 4911000
0.765679 4911000
0.633061 8662200
0.704871 2805000
0.659681 4878600
0.484728 4878600
0.679327 4878600
0.587080 4878600
0.818413 6792600
0.524173 2788800
0.730291 6913200
0.634687 2788800
0.636548 4867800
0.645738 6897000
0.509205 7701000
0.523499 4846200
0.661924 6875400
0.761792 4846200
0.563847 4846200
0.589670 8973000
0.523331 4846200
0.529000 7641600
0.627980 4835400
0.715843 2761800
0.735277 7549800
0.732648 2745600
0.682622 7512000
0.585186 4808400
0.635623 2745600
0.647327 4808400
0.608077 2745600
0.567298 2745600
0.756407 2745600
0.764062 2740200
0.576523 2740200
0.598188 2740200
0.621343 2740200
0.677406 2740200
0.629828 6697200
0.576752 6697200
0.660584 2740200
0.567717 2740200
0.683102 2740200
0.596874 2740200
0.535572 2740200
0.525970 4797600
0.499623 4797600
0.772745 2734800
0.640205 6648600
0.643755 4781400
0.697416 4781400
0.602881 7393200
0.619256 2729400
0.522244 2729400
0.590844 4781400
0.680348 2729400
0.552707 2729400
0.533956 4781400
0.615176 4781400
0.633617 6627000
0.712464 2724000
0.660894 8123400
0.559299 2724000
0.685132 4749000
0.619793 2713200
0.589494 4749000
0.742614 8010000
0.643587 7242000
0.803465 7306800
0.535560 4732800
0.536575 7961400
0.512052 4705800
0.712637 9291600
0.615000 4705800
0.661042 2686200
0.558402 4705800
0.697295 7053000
0.607563 7036800
0.721581 2675400
0.736644 2675400
0.551515 4695000
0.607322 2670000
0.562495 2670000
0.678218 2670000
0.747678 2670000
0.571823 2670000
0.641689 4689600
0.531046 4689600
0.569934 2670000
0.723463 2670000
0.724050 2670000
0.514811 2670000
0.615805 2670000
0.625802 2670000
0.682541 4689600
0.554269 2670000
0.711718 4678800
0.611917 2664600
0.744377 8406000
0.537674 2664600
0.742682 2664600
0.611398 2664600
0.561513 4678800
0.689301 2659200
0.978907 4966200
0.758185 2648400
0.583892 2643000
0.610993 2643000
0.581074 2643000
0.630788 2643000
0.567062 2643000
0.678733 4646400
0.546755 7254000
0.631158 2637600
0.756321 2632200
0.753437 2626800
0.628849 2626800
0.657840 4614000
0.617672 2626800
0.558154 2626800
0.690054 2621400
0.568907 4608600
0.622022 2621400
0.592746 4608600
0.559164 4608600
0.633347 7102800
0.575655 4603200
0.567127 4603200
0.690935 2616000
0.601060 4597800
0.696307 6962400
0.555902 2605200
0.617325 6951600
0.595118 4587000
0.709167 2605200
0.510885 2599800
0.602650 4581600
0.637761 6913800
0.553314 2599800
0.647290 2599800
0.619613 4560000
0.474452 2594400
0.571758 2589000
0.635771 2589000
0.496274 2583600
0.570927 2583600
0.508816 4543800
0.564537 2583600
0.614146 4538400
0.530754 2578200
0.757069 4527600
0.702585 2578200
0.646176 2572800
0.666525 2572800
0.666784 2572800
0.640468 2572800
0.697103 2572800
0.743340 2572800
0.527882 4506000
0.515710 4506000
0.706603 4506000
0.551120 2567400
0.568188 2567400
0.578016 2562000
0.676509 2556600
0.694771 2556600
0.770390 2556600
0.686237 2556600
0.576938 4479000
0.568625 2551200
0.609441 4462800
0.521417 2545800
0.595279 2545800
0.636995 4452000
0.613243 4441200
0.626023 2535000
0.527091 2535000
0.740119 2529600
0.591164 2529600
0.640551 2529600
0.640421 2529600
0.601800 2529600
0.568992 4419600
0.485816 4419600
0.689286 2529600
0.738409 4419600
0.631401 2529600
0.604740 2524200
0.479400 2524200
0.597582 2524200
0.574587 2518800
0.625547 4403400
0.532242 2513400
0.744008 4392600
0.721091 7771800
0.617776 7771800
0.710783 4392600
0.713416 4392600
0.757428 8797200
0.677167 2508000
0.558589 6309000
0.562205 6309000
0.566996 7712400
0.557322 4371000
0.684014 2502600
0.633211 4371000
0.593648 2497200
0.633042 2497200
0.615380 2497200
0.843433 4849200
0.571844 8694600
0.766329 9430200
0.691644 7642200
0.574982 2481000
0.701306 2481000
0.607882 8673000
0.632856 7626000
0.579510 4333200
0.720936 2475600
0.736721 2470200
0.640136 2470200
0.809526 6966000
0.627832 7512600
0.713663 6190200
0.658667 2464800
0.646515 2464800
0.730078 4300800
0.625625 7496400
0.971363 7529400
0.604518 7464000
0.676058 2448600
0.908636 7932000
0.572340 4273800
0.907559 4607400
0.851423 8003400
0.754408 2427000
0.560688 6093000
0.840983 7660800
0.524338 2421600
0.731648 2421600
0.573350 2416200
0.582468 8890200
0.554700 4219800
0.619487 4219800
0.526529 2410800
0.630171 9442800
0.699550 4209000
0.761493 9718200
0.617687 2410800
0.763994 6006600
0.545402 6001200
0.744271 4203600
0.711696 4198200
0.589916 2405400
0.599694 4192800
0.707748 5985000
0.536230 2405400
0.644303 2400000
0.514646 8106000
0.635377 7188600
0.575862 4182000
0.970600 4369200
0.724002 2394600
0.570797 2394600
0.765031 4165800
0.540443 4165800
0.583915 5952600
0.960129 4323000
0.604978 2383800
0.609349 5936400
0.754997 5936400
0.622007 2383800
0.990247 4300200
0.599533 8025000
0.653535 5914800
0.909384 5353800
0.650814 2373000
0.757433 2373000
0.521124 2373000
0.566840 2373000
0.565947 7086000
0.746006 2373000
0.742619 5887800
0.518691 7086000
0.618699 2373000
0.601163 2373000
0.572261 7075200
0.690137 5882400
0.761281 2373000
0.578690 7075200
0.673015 2373000
0.482902 2373000
0.555931 7981800
0.643187 7976400
0.636790 5882400
0.526082 2373000
0.591057 5882400
0.626573 2373000
0.515887 7059000
0.731972 5882400
0.682318 8458200
0.955348 5194200
0.514371 2362200
0.769600 6988800
0.683794 6983400
0.741870 2356800
0.692684 8377200
0.677086 6983400
0.688186 5839200
0.744701 2356800
0.564248 5839200
0.588732 2356800
0.628503 2351400
0.653684 5817600
0.726926 5806800
0.565269 5801400
0.897387 4894200
0.609185 6837600
0.743753 6821400
0.524607 7566000
0.528559 8859600
0.733301 7544400
0.931246 6382800
0.641756 6681000
0.751053 5650200
0.641359 7479600
0.623368 6637800
0.635952 6632400
0.991628 3769800
0.751308 7371600
0.585518 6567600
0.623773 5585400
0.577094 6519000
0.618299 5558400
0.915494 3667200
0.668487 5526000
0.490011 5515200
0.641702 7204200
0.947058 3576600
0.700588 5472000
0.631504 6400200
0.520935 5466600
0.709149 7161000
0.980701 3523800
0.567170 5439600
0.584919 7101600
0.627885 7085400
0.749456 5385600
0.537315 6286800
0.739339 6999000
0.666614 5364000
0.762684 5364000
0.655423 5358600
0.689894 6972000
0.994011 3303600
0.681696 6216600
0.710044 9243000
0.747542 5310000
0.638138 9027000
0.569435 5288400
0.627148 5272200
0.683748 8384400
0.520884 5245200
0.515396 6680400
0.808019 4683000
0.607782 7205400
0.576050 5175000
0.989378 5125800
0.848107 5241600
0.694320 7517400
0.614145 5110200
0.593864 5110200
0.615355 7506600
0.613247 7027200
0.719739 5104800
0.996050 4203600
0.828255 2902200
0.608247 5050800
0.684288 5050800
0.597256 5050800
0.907263 4036200
0.626248 5029200
0.555220 5029200
0.530947 5007600
0.524212 7080000
0.572133 6514200
0.569515 7309800
0.681373 4926600
0.577435 4921200
0.655590 4899600
0.595391 6675000
0.624468 7277400
0.744272 4878000
0.524695 4878000
0.611031 4872600
0.750386 7488000
0.607827 4861800
0.722121 4797000
0.594900 4791600
0.738063 4791600
0.615771 4786200
0.540205 4732200
0.605423 4726800
0.693950 4672800
0.535948 6049200
0.567928 6027600
0.706742 6027600
0.610220 7074600
0.633883 6022200
0.656559 7063800
0.573212 9216000
0.637405 8332800
0.600534 6000600
0.648318 7783200
0.488475 7767000
0.852043 5151000
0.541297 6950400
0.996362 5004600
0.591811 6907200
0.585669 6837000
0.804226 4136400
0.495869 7394400
0.691995 6739800
0.561760 6696600
0.694649 6642600
0.728496 5698200
0.738450 4440600
0.794341 4382400
0.521990 4424400
0.497773 4419000
0.587134 6523800
0.555627 7957800
0.592051 7544400
0.915084 2788200
0.757321 6854400
0.670833 5433600
0.628633 5368800
0.726593 6773400
0.948188 4026000
0.660785 6194400
0.540633 6189000
0.521629 7063800
0.992986 2378400
0.587805 5244600
0.722080 5228400
0.746907 6102600
0.764844 5223000
0.557058 6891000
0.810266 4027200
0.744101 5843400
0.489133 5735400
0.598720 4866600
0.695770 4839600
0.604741 4818000
0.624200 5578800
0.622171 4737000
0.760356 5438400
0.517768 7147800
0.591179 6157800
0.614988 7698600
0.557898 6114600
0.579484 6742800
0.981403 3168600
0.492371 6840000
0.841010 3166200
0.691503 5531400
0.526265 5477400
0.601306 5283000
0.572331 5283000
0.703512 5083200
0.632653 5544000
0.595475 5209200
0.583374 9829200
0.735745 12958200
0.742873 8404200
0.484599 6450000
0.791728 3720000
0.668105 8398800
0.571696 3717600
0.553250 9796800
0.640543 9748200
0.959524 3682800
0.855285 3676800
0.621872 9721200
0.630185 6390600
0.648051 3690600
0.622954 3690600
0.550370 3690600
0.716848 3690600
0.634473 3690600
0.900065 6348000
0.693307 3685200
0.647047 3685200
0.548669 11493000
0.692904 3685200
0.651854 3685200
0.519232 6369000
0.763531 3679800
0.639443 8285400
0.745297 3679800
0.675795 6358200
0.497338 3674400
0.705857 9602400
0.534204 3669000
0.513074 8247600
0.759295 8247600
0.978183 10384200
0.638418 3658200
0.959449 12109800
0.539382 3652800
0.629697 3652800
0.975059 11553000
0.527697 8166600
0.636368 3647400
0.518602 11088000
0.868448 3599400
0.852053 3592800
0.586550 11044800
0.943272 3578400
0.753548 3625800
0.641822 11705400
0.722193 9370200
0.534865 11640600
0.902910 7943400
0.758592 8085600
0.787581 7894800
0.512478 3604200
0.573210 3604200
0.995868 7836600
0.684597 6190800
0.641868 3577200
0.804272 3504600
0.554265 10114800
0.985929 8895000
0.595717 6169200
0.767635 7961400
0.649286 6163800
0.756507 3561000
0.782181 3482400
0.824259 3475200
0.521334 6153000
0.593067 7939800
0.613050 9148800
0.622155 7939800
0.694595 3550200
0.973132 3463800
0.520702 3544800
0.639926 6147600
0.663558 11070600
0.578529 9143400
0.694544 6147600
0.693622 6136800
0.643034 6136800
0.595634 3539400
0.736440 6131400
0.558731 6131400
0.870944 8710200
0.736877 7880400
0.722725 7880400
0.631770 3528600
0.486009 3528600
0.640822 3528600
0.656220 10968000
0.638623 6120600
0.533409 3528600
0.760797 9974400
0.544820 3528600
0.767963 6120600
0.794709 3416400
0.610383 9046200
0.653495 3523200
0.570972 3517800
0.497781 9003000
0.600201 3517800
0.531868 9898800
0.731110 8997600
0.920238 7534200
0.634310 10757400
0.505536 3507000
0.849304 5875800
0.864155 7475400
0.925301 7436400
0.892428 9148800
0.571600 7745400
0.747137 3480000
0.642935 6028800
0.584145 10224000
0.612050 3480000
0.735902 7740000
0.486786 11586600
0.607587 6023400
0.608448 6018000
0.590161 3469200
0.565896 10530600
0.559755 6018000
0.812369 5776200
0.612388 7713000
0.578920 3463800
0.927556 10490400
0.605045 7696800
0.797907 5746800
0.933146 3301800
0.586157 5980200
0.725202 7680600
0.624349 8743800
0.621734 3442200
0.749654 3442200
0.592507 7659000
0.576829 3442200
0.949716 7233600
0.525600 3436800
0.488818 5958600
0.582877 7632000
0.564694 5958600
0.602617 3436800
0.937735 3270000
0.629885 3431400
0.815400 9712200
0.716609 5942400
0.574763 8619600
0.977733 7153800
0.553711 5931600
0.574961 5931600
0.608388 7588800
0.683550 10701000
0.585998 9396600
0.611606 5910000
0.767615 5910000
0.546283 5910000
0.817729 3226800
0.655339 5893800
0.569328 7529400
0.673373 8495400
0.695525 3393600
0.697200 5861400
0.751127 5861400
0.682174 5839800
0.558760 3372000
0.620592 7437600
0.678802 5839800
0.610619 3372000
0.493242 5839800
0.619944 3372000
0.986786 5504400
0.606606 3366600
0.706618 7426800
0.732218 9766800
0.684046 7426800
0.612420 9121200
0.980311 3150600
0.712233 5802000
0.793014 5446200
0.753512 3345000
0.530207 9072600
0.577708 3345000
0.590499 3345000
0.541812 7372800
0.934945 5423400
0.699160 5775000
0.783493 6792000
0.584409 5764200
0.623467 5764200
0.513256 5764200
0.501365 3328800
0.574838 5764200
0.983888 5374200
0.760695 8980800
0.555720 7313400
0.481400 7313400
0.632866 8225400
0.491115 8970000
0.547850 3318000
0.619012 8964600
0.705798 5742600
0.680734 3318000
0.697405 7308000
0.946018 6685800
0.666137 7286400
0.728187 7286400
0.617185 8916000
0.631751 3301800
0.573582 7264800
0.629028 8155200
0.717884 3291000
0.608583 8122800
0.584071 3291000
0.743606 7243200
0.582067 3291000
0.504379 3291000
0.937375 5264400
0.586152 5688600
0.726011 5688600
0.683267 5688600
0.698993 7227000
0.979475 8311200
0.519736 7210800
0.717355 3280200
0.634761 7210800
0.586589 3280200
0.746771 7205400
0.676025 7205400
0.642970 9419400
0.737693 3274800
0.712354 3274800
0.659742 5672400
0.749798 3274800
0.827109 9526800
0.692607 10722600
0.613645 8613600
0.626118 7173000
0.520670 7167600
0.558895 5656200
0.610815 3264000
0.673032 3258600
0.714579 9982800
0.765818 5645400
0.539337 3258600
0.482615 3253200
0.570714 3253200
0.666159 5640000
0.642032 5640000
0.597090 5640000
0.984193 5156400
0.498768 3247800
0.600384 5629200
0.736800 3247800
0.748403 5629200
0.578427 3247800
0.542595 7124400
0.627601 3247800
0.693818 7108200
0.988007 6337800
0.520452 5618400
0.775901 3237000
0.909537 2928600
0.710758 5602200
0.969165 2920800
0.482983 3226200
0.625452 3226200
0.575259 5596800
0.937407 5077800
0.570956 9423600
0.926742 5062800
0.563549 3210000
0.700947 3204600
0.587995 5553600
0.696720 5553600
0.570751 5553600
0.560998 8895600
0.640908 5548200
0.727449 6989400
0.497338 9502200
0.752938 3193800
0.646920 9315600
0.481731 3188400
0.564613 3188400
0.540483 5526600
0.937735 4975200
0.696364 5515800
0.584611 9250800
0.613645 3183000
0.597500 3183000
0.724143 6957000
0.565918 9126600
0.685128 5515800
0.765633 5515800
0.568959 8685000
0.995258 4943400
0.670785 5505000
0.567213 3177600
0.906551 4923600
0.564250 6924600
0.669123 3172200
0.493005 6924600
0.594320 5494200
0.491790 3172200
0.986212 2815200
0.574823 5488800
0.689686 6913800
0.762996 3166800
0.569689 3161400
0.547252 3156000
0.611436 3156000
0.563123 5467200
0.635358 3156000
0.736538 5467200
0.629508 5467200
0.666821 3156000
0.589826 5461800
0.526555 3145200
0.625824 5451000
0.727240 9502200
0.773661 5451000
0.644766 6843600
0.495422 3145200
0.535213 5451000
0.841416 4829400
0.627233 5440200
0.490987 5440200
0.658492 3139800
0.640721 3139800
0.614605 3139800
0.627925 6822000
0.552638 5429400
0.494427 6800400
0.660243 6800400
0.579847 3118200
0.582824 9264600
0.900918 7210800
0.568927 8719200
0.722106 5397000
0.549887 8681400
0.529029 3107400
0.993089 6787200
0.721533 3096600
0.614723 8730000
0.633859 3096600
0.577740 6714000
0.686508 3091200
0.577623 5370000
0.569465 8589600
0.811486 4698000
0.686900 5359200
0.763080 3085800
0.719899 3080400
0.973146 4666800
0.564934 5316000
0.681741 5316000
0.741687 5316000
0.971889 2638200
0.479893 3058800
0.809673 2631600
0.986328 4605000
0.610677 5294400
0.599927 5294400
0.633294 3048000
0.966798 2616000
0.949238 4579200
0.985996 4566000
0.573649 5267400
0.943360 2595000
0.573815 3026400
0.621487 6568200
0.645892 3026400
0.688080 6568200
0.618480 6568200
0.535001 5262000
0.518341 5262000
0.643749 5262000
0.680510 3026400
0.982685 4527000
0.531589 5251200
0.639294 6557400
0.656300 3021000
0.635461 3021000
0.656739 5251200
0.580992 3021000
0.768987 3021000
0.706736 10379400
0.970669 6830400
0.561928 5208000
0.586189 8953800
0.609228 2999400
0.828386 4444200
0.472875 2994000
0.834170 2524800
0.684425 8921400
0.623801 6471000
0.963032 4421400
0.838871 7744800
0.668977 5170200
0.977374 2502600
0.569755 9630000
0.625445 6438600
0.604551 2972400
0.664846 9613800
0.686873 5164800
0.586778 7815000
0.595226 2967000
0.671132 6411600
0.574045 6411600
0.547387 2967000
0.609098 6411600
0.617404 5154000
0.578776 9543600
0.866458 9431400
0.498231 7728600
0.670893 5143200
0.747541 2961600
0.542402 2961600
0.953490 2466600
0.721420 5137800
0.994492 7386000
0.751943 10263600
0.617778 8619000
0.487984 2945400
0.629134 2945400
0.754737 9763800
0.560989 8602800
0.624899 7615200
0.720274 2945400
0.986877 7224000
0.624712 5110800
0.625614 2940000
0.521485 2940000
0.562768 6303600
0.599504 5100000
0.522630 6287400
0.606742 7512600
0.742207 5094600
0.558793 8413800
0.989070 2407200
0.899281 4236000
0.689676 5078400
0.764074 9621000
0.758452 6260400
0.585338 8397600
0.607937 2918400
0.869466 2382600
0.480092 2907600
0.486686 5067600
0.745501 5067600
0.757921 5067600
0.705476 2902200
0.562463 2896800
0.658702 5046000
0.632762 2896800
0.709612 9772200
0.583561 2891400
0.638802 7410000
0.609397 2891400
0.584785 5035200
0.570857 5035200
0.566462 5035200
0.624479 2886000
0.515507 7383000
0.618265 5035200
0.661187 2886000
0.711814 5029800
0.955458 5895000
0.663145 7339800
0.937383 4112400
0.846371 5845800
0.644457 2864400
0.634099 2864400
0.637853 2864400
0.652039 2864400
0.755738 4997400
0.706242 7307400
0.525863 2864400
0.702834 2864400
0.947512 4078200
0.662472 4986600
0.510563 7264200
0.735622 7264200
0.654268 2853600
0.766687 2853600
0.546949 4975800
0.917932 5694600
0.620173 4965000
0.707182 8614800
0.968105 6462000
0.601678 2832000
0.513852 2832000
0.917832 5584200
0.605252 2826600
0.599934 8889000
0.635014 4927200
0.689674 4927200
0.786513 5484000
0.566659 7075200
0.756371 4916400
0.681881 2815800
0.695285 2815800
0.598587 2815800
0.644418 2815800
0.600932 2815800
0.591357 9648000
0.667677 4911000
0.773231 4894800
0.929166 7456800
0.515377 4884000
0.707856 2794200
0.664013 2794200
0.732011 2788800
0.523980 6913200
0.660812 8703000
0.732013 2788800
0.576919 2783400
0.725608 4857000
0.622965 4857000
0.580000 2772600
0.721417 2772600
0.694688 4846200
0.639529 4846200
0.536957 2767200
0.763170 4835400
0.548292 2761800
0.564005 4835400
0.571895 2761800
0.953568 6432000
0.935479 5627400
0.528043 2745600
0.545501 4808400
0.537037 2745600
0.610350 4808400
0.611577 2745600
0.618366 2745600
0.525976 2745600
0.578026 4808400
0.640501 4808400
0.491180 4808400
0.696081 2745600
0.526971 2745600
0.524387 2740200
0.642590 2740200
0.610017 4803000
0.554723 4803000
0.609665 4797600
0.493187 4797600
0.500164 2740200
0.571639 4797600
0.567393 2740200
0.626338 6697200
0.569137 4797600
0.667356 2740200
0.567779 7463400
0.616205 2740200
0.736022 7463400
0.639400 4797600
0.568531 4797600
0.717993 8325000
0.612049 6691800
0.529057 2740200
0.566267 4797600
0.743929 2740200
0.687124 2740200
0.758109 2740200
0.747425 6664800
0.624144 4792200
0.556472 4792200
0.633253 2734800
0.686106 2734800
0.688535 4786800
0.717618 4781400
0.659537 4781400
0.755776 2729400
0.705779 4781400
0.578235 2729400
0.521667 6632400
0.650708 6632400
0.630697 2724000
0.758147 4776000
0.979192 6978000
0.700916 2718600
0.716175 2718600
0.619217 4759800
0.604053 2713200
0.613180 2707800
0.761872 2702400
0.667489 2702400
0.747995 4727400
0.913035 6876000
0.850094 5704800
0.584400 2686200
0.685445 4705800
0.571537 2686200
0.637528 8746200
0.558142 2686200
0.618595 2686200
0.730983 4705800
0.540285 4705800
0.569075 2686200
0.612332 8897400
0.579948 4705800
0.605582 4705800
0.620686 4695000
0.748147 2675400
0.749766 4695000
0.511478 4695000
0.565809 4695000
0.601861 4689600
0.513765 4689600
0.581613 2670000
0.494095 2670000
0.712374 2670000
0.603809 2670000
0.653993 7567200
0.549402 2670000
0.676550 4689600
0.631462 2670000
0.768493 4689600
0.564732 4689600
0.567992 2670000
0.908820 5113800
0.642577 4678800
0.754738 4678800
0.529198 2664600
0.592173 4678800
0.564405 2664600
0.586795 4678800
0.589275 2664600
0.568871 2664600
0.577082 4678800
0.507320 2659200
0.615340 4668000
0.666231 4646400
0.545356 4646400
0.603215 4646400
0.912762 4818600
0.951681 5171400
0.981385 5127600
0.717723 2626800
0.558802 2626800
0.527367 7156800
0.708606 4614000
0.755366 4608600
0.536308 2621400
0.632270 4608600
0.612266 2621400
0.557228 2621400
0.764347 2621400
0.552604 2621400
0.572347 2621400
0.514802 2621400
0.521680 2616000
0.609311 7452600
0.492291 4597800
0.643149 2616000
0.502933 4597800
0.745660 4592400
0.698086 2605200
0.599124 2605200
0.619707 2605200
0.623210 2605200
0.582985 4587000
0.609449 7736400
0.758262 6930000
0.703978 4581600
0.760036 2599800
0.675321 6908400
0.572357 7968600
0.724183 8260200
0.647164 4581600
0.982690 5097000
0.528445 2594400
0.728470 7090800
0.708612 2589000
0.720234 2589000
0.556952 7428600
0.750656 4549200
0.564696 2583600
0.594072 2583600
0.743633 2583600
0.725014 2583600
0.567989 2578200
0.609029 2578200
0.763472 2572800
0.674997 2572800
0.523213 4506000
0.552339 4506000
0.579366 2567400
0.717486 4495200
0.569867 4495200
0.558672 4484400
0.686145 2551200
0.695184 4473600
0.601074 2545800
0.720296 2545800
0.669833 4462800
0.628001 2545800
0.580034 2545800
0.598196 2545800
0.565155 2545800
0.565156 4446600
0.660925 2545800
0.494555 4441200
0.615384 4441200
0.769128 2540400
0.678186 4441200
0.756394 4435800
0.512776 4430400
0.591319 4425000
0.654227 4419600
0.571099 2529600
0.592419 2524200
0.548404 2524200
0.726018 2524200
0.742151 4408800
0.721736 4392600
0.649016 4392600
0.477150 4392600
0.645724 2513400
0.517786 10179600
0.517061 2513400
0.626893 2513400
0.947050 7366200
0.533137 10093200
0.583449 2502600
0.539456 4371000
0.510020 6298200
0.689025 7696200
0.492258 6298200
0.993354 6239400
0.629620 6282000
0.645401 10023000
0.615040 6260400
0.579401 4338600
0.534839 7647600
0.500663 2481000
0.608160 6260400
0.755986 4338600
0.614608 9446400
0.617707 4333200
0.604501 4333200
0.581344 8689200
0.696552 2481000
0.574130 6249600
0.637992 2481000
0.724664 6249600
0.570347 8662200
0.818328 8815200
0.680898 6222600
0.572737 7572000
0.618519 7566600
0.706432 2475600
0.593995 2475600
0.637439 2475600
0.527134 10080000
0.738250 8575800
0.607483 7545000
0.694226 7501800
0.724343 4300800
0.655060 4300800
0.762591 2459400
0.609493 2454000
0.730931 4273800
0.727196 7431600
0.587057 2432400
0.557773 6114600
0.750043 8998200
0.702935 2427000
0.610913 9439800
0.616954 2421600
0.914724 5698800
0.751925 6049800
0.619084 2416200
0.791583 7123200
0.561611 8847000
0.574354 2410800
0.617758 2410800
0.705164 2410800
0.676202 2410800
0.715883 4203600
0.569462 8133000
0.576791 4198200
0.763454 4192800
0.560656 4192800
0.486458 7199400
0.654551 9604800
0.730427 4171200
0.656206 4171200
0.639270 8663400
0.570791 7167000
0.498522 4171200
0.766037 8658000
0.642761 5958000
0.571767 2389200
0.571765 9415800
0.535088 8598600
0.529034 2378400
0.619023 2373000
0.622565 7992600
0.709993 2373000
0.741798 2373000
0.551851 5882400
0.511719 2373000
0.748967 7069800
0.637865 8523000
0.599260 5882400
0.572948 2373000
0.663843 7954800
0.567999 5882400
0.515256 7048200
0.533783 5866200
0.635094 7922400
0.754091 2356800
0.743845 8366400
0.585293 7863000
0.683002 2356800
0.611389 5817600
0.823200 4964400
0.674265 6880800
0.577086 8226000
0.532839 9280800
0.641825 6859200
0.528047 5742000
0.634054 5731200
0.582566 5725800
0.932711 4801200
0.890649 5518800
0.998275 5487000
0.572099 5666400
0.748765 5666400
0.632902 6713400
0.563390 5666400
0.708112 6654000
0.529765 5639400
0.983255 5218800
0.653097 5596200
0.574383 6567600
0.929403 3706800
0.666527 5569200
0.647191 6519000
0.492828 6448800
0.638786 5472000
0.624580 5450400
0.709659 5450400
0.566386 6367800
0.627821 5439600
0.578888 5434200
0.509172 5423400
0.692001 6330000
0.683946 6313800
0.608472 5407200
0.975203 3417600
0.579558 5391000
0.639669 5385600
0.722985 6281400
0.729640 6276000
0.674795 6999000
0.474236 5358600
0.711199 5353200
0.685730 5353200
0.763753 6243600
0.560723 5353200
0.624971 5353200
0.659475 6923400
0.929425 5734800
0.585116 5310000
0.838425 5955000
0.787154 3201600
0.912941 3171000
0.854531 3127800
0.557069 6648000
0.808290 3069000
0.652017 5158800
0.903157 3021000
0.532971 5115600
0.738189 5104800
0.653179 5099400
0.695600 5099400
0.554600 5029200
0.521174 5029200
0.532014 5018400
0.559567 7042200
0.574352 6896400
0.804643 4446000
0.912681 4156800
0.527347 4872600
0.575780 4797000
0.503490 6586200
0.709221 4791600
0.700040 4791600
0.506643 4786200
0.600807 4748400
0.709498 4716000
0.542968 4716000
0.621017 4705200
0.516428 6108600
0.597790 6108600
0.767365 6108600
0.955397 4649400
0.535101 4640400
0.563783 6027600
0.983010 5612400
0.614724 7659000
0.646833 4581000
0.717036 5919600
0.721316 7960200
0.969973 4173600
0.733053 4510800
0.559495 4483800
0.506602 5736000
0.639645 5736000
0.996627 5313600
0.711907 6642600
0.909752 3903600
0.533128 5633400
0.555116 5633400
0.789702 3779400
0.555923 7736400
0.692577 7544400
0.603372 5574000
0.611204 6940800
0.924449 4320600
0.985384 4274400
0.603512 5428200
0.824517 2600400
0.600598 6243000
0.752925 5309400
0.561008 5309400
0.672593 5304000
0.573725 7031400
0.750901 6993600
0.597008 5244600
0.491526 6113400
0.906809 3974400
0.978058 2916600
0.863295 2884200
0.548391 5093400
0.714162 5881200
0.589339 5055600
0.659998 7115400
0.642980 5012400
0.574374 6829200
0.567459 5794800
0.955644 2620200
0.886490 3192600
0.530156 4882800
0.635748 6618600
0.706496 4818000
0.625047 4818000
0.576674 4818000
0.621947 4764000
0.528633 4753200
0.522401 4737000
0.715362 5384400
0.567941 4672200
0.746594 6696600
0.753800 6910200
0.624542 5276400
0.798453 3553200
0.733067 5920200
0.791557 3540000
0.609307 6624000
0.688836 5283000
0.724257 5713800
0.562480 5067000
0.668847 5184600
0.565758 5479200
-------
