0.795000 291600
0.855000 285600
0.850000 279600
0.780000 273600
0.570000 275400
0.665000 275400
0.685000 275400
0.590000 275400
0.655000 275400
0.705000 275400
0.660000 275400
0.930000 263400
0.990000 257400
0.880000 251400
0.500000 259200
0.585000 259200
0.670000 259200
0.710000 259200
0.945000 243000
0.960000 237000
0.600000 248400
0.690000 248400
0.940000 229800
0.725000 243000
0.515000 243000
0.935000 222600
0.970000 216600
0.625000 232200
0.905000 210000
0.595000 226800
0.510000 226800
0.985000 202800
0.830000 196800
0.910000 190800
0.680000 210600
0.875000 184200
0.530000 205200
0.870000 177600
0.790000 171600
0.815000 165600
0.840000 159600
0.900000 153600
0.505000 178200
0.605000 178200
0.565000 178200
0.645000 178200
0.550000 178200
0.775000 178200
0.965000 144000
0.825000 138000
0.845000 132000
0.770000 162000
0.980000 125400
0.675000 156600
0.750000 156600
0.860000 118200
0.650000 151200
0.760000 151200
0.745000 151200
0.700000 151200
0.720000 151200
0.735000 151200
0.730000 151200
0.805000 108000
0.640000 145800
0.995000 101400
0.575000 140400
0.520000 140400
0.630000 140400
0.535000 140400
0.525000 140400
0.925000 92400
0.890000 86400
0.555000 129600
0.895000 79800
0.580000 124200
0.620000 124200
0.635000 124200
0.715000 124200
0.560000 124200
0.540000 124200
0.820000 70200
0.955000 64200
0.975000 58200
0.740000 108000
0.810000 51600
0.800000 45600
0.755000 97200
0.695000 97200
0.545000 97200
0.765000 97200
0.865000 37200
0.835000 31200
0.785000 25200
0.950000 19200
0.885000 13200
0.915000 7200
0.920000 1200
0.615000 59400
0.610000 59400
-------
0.795000 291600
0.855000 285600
0.850000 279600
0.780000 273600
0.570000 275400
0.665000 275400
0.685000 275400
0.590000 275400
0.655000 275400
0.705000 275400
0.660000 275400
0.930000 263400
0.990000 257400
0.880000 251400
0.500000 259200
0.585000 259200
0.670000 259200
0.710000 259200
0.945000 243000
0.960000 237000
0.600000 248400
0.690000 248400
0.940000 229800
0.725000 243000
0.515000 243000
0.935000 222600
0.970000 216600
0.625000 232200
0.905000 210000
0.595000 226800
0.510000 226800
0.985000 202800
0.830000 196800
0.910000 190800
0.680000 210600
0.875000 184200
0.530000 205200
0.870000 177600
0.790000 171600
0.815000 165600
0.840000 159600
0.505000 178200
0.605000 178200
0.565000 178200
0.645000 178200
0.550000 178200
0.775000 178200
0.770000 162000
0.675000 156600
0.750000 156600
-------
0.793800 567000
0.856765 555000
0.847676 543000
0.777366 531000
0.508538 259200
0.592198 259200
0.569606 534600
0.685680 259200
0.774850 259200
0.978841 248400
0.668078 529200
0.661070 253800
0.753040 253800
0.683008 253800
0.686894 529200
0.910694 239400
0.587496 523800
0.657678 523800
0.871965 232200
0.701141 518400
0.948666 225600
0.656299 513000
0.865588 219000
0.932146 476400
0.863839 207000
0.987552 458400
0.883638 446400
0.500084 469800
0.583766 469800
0.796632 187800
0.588248 205200
0.824595 181200
0.667229 459000
0.706851 459000
0.941342 417000
0.713540 194400
0.956663 404400
0.597114 437400
0.690038 189000
0.689688 437400
0.772942 189000
0.942022 388800
0.939362 153000
0.727723 421200
0.515949 421200
0.934744 368400
0.652568 172800
0.967789 349800
0.626880 394200
0.642357 162000
0.904773 336000
0.598147 383400
0.766622 156600
0.513767 383400
0.984369 321000
0.730350 151200
0.832545 308400
0.907638 296400
0.680017 351000
0.876457 282600
0.532356 340200
0.872714 268800
0.786744 256800
0.816786 244800
0.842765 232800
0.900000 153600
0.501594 280800
0.606763 280800
0.566981 275400
0.648619 275400
0.546855 275400
0.773034 275400
0.768616 259200
0.672976 248400
0.746322 248400
-------
0.857401 967800
0.861969 400800
0.780840 925800
0.510350 656400
0.708286 397200
0.571344 931800
0.684524 656400
0.771104 656400
0.977535 633000
0.696282 391800
0.640684 391800
0.693005 370200
0.648550 370200
0.702733 888600
0.869120 557400
0.865004 521400
0.876953 308400
0.984285 760800
0.895803 290400
0.500645 786000
0.651632 316200
0.656162 316200
0.775918 310800
0.706972 764400
0.939707 684000
0.958105 664800
0.593797 726600
0.691430 726600
0.774968 478200
0.945362 634800
0.727162 699600
0.515560 699600
0.866623 225600
0.971696 569400
0.901763 548400
0.902359 200400
0.584832 246000
0.599408 629400
0.942966 193200
0.669169 240600
0.726604 240600
0.513160 624000
0.983308 505800
0.864317 178800
0.606909 229800
0.909349 462000
0.755311 213600
0.875768 435000
0.870045 414600
0.506683 202800
0.817409 378000
0.841344 360000
0.769003 181200
0.503145 462000
0.769764 451200
0.691315 175800
0.749642 418800
0.791171 985800
0.847571 949800
0.593543 656400
0.770646 397200
0.665033 921000
0.753274 391800
0.660887 645600
0.756289 645600
0.681925 391800
0.682501 645600
0.684985 921000
0.911140 612600
0.807098 367200
0.549276 381000
0.590141 904800
0.657405 904800
0.873408 591600
0.977871 353400
0.949771 571200
0.596320 364800
0.654336 877800
0.976705 332400
0.928496 802800
0.783171 320400
0.887295 742800
0.586264 786000
0.798630 469800
0.587093 516000
0.824247 456000
0.665040 764400
0.687818 305400
0.716671 494400
0.796586 254400
0.693943 478200
0.936512 393000
0.932251 601200
0.651996 445800
0.721375 273000
0.622948 656400
0.641130 424200
0.844056 206400
0.766412 397200
0.728576 381000
0.834196 480000
0.679589 564600
0.535545 548400
0.784536 396000
0.900832 274800
0.607080 462000
0.622609 181200
0.564965 456600
0.651500 451200
0.544270 451200
0.770152 435000
0.671404 418800
-------
0.856973 1603800
0.916287 630000
0.863001 1024800
0.777565 1543800
0.511797 1276200
0.707301 1017000
0.777239 610800
0.573624 1546200
0.681477 1270800
0.774956 1270800
0.977200 1236000
0.697476 1000800
0.639528 1000800
0.903529 595800
0.563863 603600
0.692476 973800
0.651330 973800
0.700294 1492200
0.699561 603600
0.869327 1144200
0.767855 598200
0.848624 580200
0.680408 592800
0.875685 573600
0.869069 567600
0.842813 561600
0.867586 1077000
0.876847 858000
0.981692 1304400
0.689981 560400
0.895481 537000
0.892253 821400
0.502236 1335600
0.655133 865800
0.657151 865800
0.777322 834000
0.747674 544200
0.707011 1308600
0.935791 1200000
0.764933 538800
0.957082 1174200
0.852126 503400
0.591571 1254600
0.695115 1254600
0.775018 1006200
0.947285 1130400
0.730806 1222200
0.585278 522600
0.512549 1222200
0.884122 487800
0.869195 707400
0.975151 475800
0.974071 1039200
0.901554 1012200
0.540483 495600
0.902382 657600
0.582227 736200
0.601496 1119600
0.939520 643200
0.672248 725400
0.729932 725400
0.759065 484800
0.777400 442200
0.515686 1103400
0.897875 435600
0.982157 935400
0.779566 423600
0.861400 596400
0.945090 411600
0.605662 682200
0.777600 405000
0.909628 861000
0.753888 655200
0.699044 441600
0.872408 826800
0.867028 385800
0.870742 794400
0.506169 628200
0.820065 751200
0.841426 727200
0.768948 595800
0.503209 876600
0.935592 360000
0.772075 860400
0.787493 353400
0.694179 579600
0.673274 403800
0.746364 822600
0.974488 345600
0.656534 398400
0.870716 339000
0.587101 393000
0.545007 393000
0.778936 331800
0.736220 387600
0.728801 387600
0.621210 387600
0.693875 387600
0.942560 323400
0.965701 317400
0.954215 311400
0.800782 305400
0.503600 366000
0.776998 298800
0.938987 292800
0.644227 355200
0.682392 355200
0.710454 355200
0.728448 344400
0.666599 339000
0.787588 1251600
0.847328 1203600
0.591640 973800
0.769447 714600
0.661514 1238400
0.753039 709200
0.662821 963000
0.759256 963000
0.683420 709200
0.678660 963000
0.685583 1238400
0.911795 849000
0.807788 597600
0.552000 687600
0.693242 306600
0.592832 306600
0.591091 1211400
0.655037 1211400
0.875087 813000
0.977328 568800
0.496413 295800
0.951097 773400
0.595084 649800
0.651572 1162800
0.978008 527400
0.927508 991200
0.782690 502800
0.887954 919200
0.589369 1044000
0.795943 626400
0.588029 763200
0.822640 606000
0.667783 1006200
0.687820 547200
0.719112 730800
0.797408 390000
0.696065 703800
0.936778 512400
0.930860 707400
0.652979 655200
0.718305 482400
0.626537 865800
0.642290 633600
0.845788 302400
0.763737 595800
0.731571 579600
0.835291 562200
0.679435 752400
0.532586 736200
0.785240 458400
0.902556 330600
0.608519 633600
0.625729 352800
0.564665 628200
0.654950 622800
0.542147 622800
0.771226 601200
0.667748 574200
-------
0.874341 967800
0.616410 962400
0.866083 1974000
0.776045 2487000
0.512040 2222400
0.777474 2193600
0.760475 924600
0.697234 2411400
0.592228 919200
0.595216 919200
0.700384 1522800
0.686062 908400
0.765827 1506600
0.877556 1444200
0.871396 1432200
0.843250 1420200
0.879513 1704600
0.688723 1425600
0.894992 1371000
0.889315 1649400
0.501843 2190000
0.657353 1720200
0.952685 819600
0.776058 1647600
0.498376 838200
0.668913 838200
0.763064 1371600
0.869264 780600
0.587851 2065800
0.583559 811200
0.942224 766800
0.951212 1884600
0.692607 795000
0.734364 2017200
0.954100 740400
0.515008 2006400
0.532020 778800
0.871524 1434600
0.905528 1709400
0.539708 1236600
0.906063 1342200
0.866938 672600
0.586695 724800
0.584982 1461000
0.672722 724800
0.801998 664800
0.940505 1301400
0.669713 1439400
0.776264 1092600
0.513136 1812000
0.974589 631800
0.945928 1018800
0.755437 1315200
0.875687 1413000
0.867140 964800
0.818146 1317600
0.840807 1287600
0.768105 1228800
0.771047 1477200
0.786719 887400
0.695817 1191000
0.674241 1015200
0.743396 1428600
0.764381 606000
0.971971 858000
0.659127 993600
0.870405 844800
0.545487 982800
0.776679 829800
0.733007 972000
0.729068 972000
0.544437 584400
0.980671 489600
0.900321 483600
0.865613 477600
0.688070 568200
0.725201 568200
0.505496 568200
0.696667 568200
0.940986 792000
0.808739 462600
0.939323 450000
0.684645 546600
0.555526 546600
0.844876 436800
0.689736 535800
0.912026 423600
0.505076 885600
0.776203 709800
0.952747 392400
0.711808 853200
0.600887 498000
0.641355 498000
0.762651 498000
0.593725 498000
0.731343 837000
0.666417 826200
0.603115 487200
0.844498 1554000
0.766608 1180200
0.677292 1412400
0.683646 1687800
0.806310 912000
0.554973 1126200
0.655414 1650000
0.974162 868200
0.494393 723600
0.598497 1072200
0.651479 1585200
0.976591 813000
0.926267 1270800
0.585679 1153200
0.697019 384600
0.738944 384600
0.695158 1077600
0.715334 845400
0.642231 985800
0.845200 495600
0.727929 921000
0.832308 726600
0.682843 1077600
0.899593 481200
0.625459 661800
0.768498 888600
0.854199 2565600
0.919974 1585200
0.704588 1963200
0.777750 1546800
0.572569 2487000
0.854649 929400
0.678817 2206200
0.582741 930000
0.973975 2152200
0.696212 1925400
0.639778 1925400
0.901137 1504200
0.690080 919200
0.563193 1522800
0.737503 919200
0.691018 1893000
0.649841 1893000
0.872195 2041200
0.893822 891000
0.737025 908400
0.847405 1463400
0.868750 877200
0.681083 1490400
0.870758 1929600
0.978403 2145000
0.663495 854400
0.658325 1720200
0.868887 807600
0.747259 1382400
0.707915 2146800
0.936737 1999200
0.954282 1966800
0.855559 1290000
0.887205 774600
0.695479 2065800
0.848550 760800
0.773772 1806600
0.867869 747000
0.583064 1312200
0.881666 1221600
0.978414 1197000
0.973180 1754400
0.860995 709200
0.973513 703200
0.925797 691200
0.858912 678600
0.604540 1839000
0.727343 1439400
0.759249 1198800
0.901255 1079400
0.982615 1573200
0.778709 1049400
0.707780 687000
0.914324 619200
0.864435 1209600
0.605669 1353000
0.781240 1005600
0.908247 1455600
0.721892 660000
0.695509 1101600
0.634688 660000
0.503371 654600
0.648259 654600
0.869770 1367400
0.503499 1272000
0.894201 553800
0.502109 1504200
0.907050 547200
0.939482 901200
0.741887 616800
0.686720 611400
0.592281 611400
0.886701 525600
0.876233 518400
0.689406 589800
0.590874 982800
0.619723 972000
0.691656 955800
0.647191 557400
0.894607 456000
0.965914 760200
0.950863 741600
0.646617 530400
0.802700 723000
0.940133 697800
0.781806 399000
0.645159 858600
0.683692 853200
0.666520 498000
0.784269 1608000
0.594423 1439400
0.659788 1693200
0.756154 1164000
0.665112 1417800
0.745378 454800
0.758833 1412400
0.686750 1158600
0.912396 1169400
0.691736 745200
0.592432 745200
0.589125 1650000
0.875468 1118400
0.951934 1066200
0.785396 776400
0.591094 406200
0.888945 1180200
0.743796 395400
0.585732 1439400
0.775095 395400
0.764584 395400
0.796912 879000
0.826554 852000
0.668417 1390800
0.691134 931800
0.720289 1115400
0.798189 619800
0.934574 733800
0.928768 922800
0.656515 1018200
0.627372 1223400
0.763292 942600
0.535484 1061400
0.788530 615000
0.607806 942600
0.564756 937200
0.654200 931800
0.539923 921000
0.666887 856200
-------
0.777061 1425000
0.871865 2386800
0.613412 2382000
0.864319 3386400
0.761935 1414200
0.687080 1414200
0.775226 3901200
0.513167 3636600
0.857780 1404000
0.805126 1398000
0.650198 1403400
0.686879 1403400
0.779981 3584400
0.717057 1398000
0.566478 1398000
0.800325 1383600
0.757454 2317200
0.785531 1377000
0.811512 1371000
0.699493 3793200
0.593931 2301000
0.592368 2301000
0.556513 1381800
0.699498 2904600
0.689400 2290200
0.874007 1361400
0.689189 1376400
0.765192 2883000
0.873622 2798400
0.867968 2780400
0.841016 2762400
0.882707 3040800
0.688197 2780400
0.782499 1329600
0.896766 2694600
0.889812 2967000
0.498422 3528600
0.946896 1311000
0.895202 1305000
0.658927 3048000
0.956609 2118000
0.779536 2940000
0.500655 2155200
0.670318 2155200
0.661143 1317000
0.760623 2688600
0.908951 1284000
0.953777 1278000
0.788912 1272000
0.873221 2046600
0.589696 3361200
0.581366 2106600
0.944698 2025600
0.950967 3137400
0.694768 2079600
0.735864 3301800
0.953659 1986000
0.516861 3285600
0.667497 1279200
0.530463 2058000
0.869434 2672400
0.668026 1273800
0.674545 1273800
0.902716 2940000
0.539538 2505000
0.909300 2566200
0.869638 1890600
0.587350 1982400
0.867127 1211400
0.586569 2713200
0.674459 1977000
0.798760 1869000
0.937945 1198200
0.941568 2493600
0.669740 2675400
0.775519 2328600
0.843456 1185000
0.509650 3042600
0.919466 1178400
0.977574 1804200
0.594789 1219800
0.948428 2184600
0.533313 1214400
0.651394 1214400
0.757048 2529600
0.670868 1214400
0.597050 1214400
0.874391 2569800
0.695929 1209000
0.867386 2115000
0.755106 1203600
0.815072 2461200
0.837035 2425200
0.641673 1192800
0.766564 2421600
0.581239 1192800
0.906838 1129800
0.773969 1187400
0.686048 1187400
0.694999 1187400
0.592346 1187400
0.740507 1187400
0.497008 1187400
0.643031 1187400
0.770015 2664600
0.787271 2006400
0.769884 1182000
0.695279 2373000
0.676059 2197200
0.657715 1182000
0.759703 1182000
0.630988 1182000
0.586903 1182000
0.741678 2610600
0.766448 1788000
0.864004 1107600
0.975128 1959600
0.656747 2164800
0.952858 1095000
0.873768 1933800
0.546686 2143200
0.775660 1990200
0.734468 2132400
0.725994 2132400
0.541306 1744800
0.977347 1569600
0.740587 1155000
0.902034 1557000
0.862461 1545000
0.689420 1712400
0.644624 1144200
0.862455 1060200
0.845176 1054200
0.500640 1133400
0.603815 1133400
0.646152 1133400
0.718481 1133400
0.721902 1701600
0.864987 1045200
0.507818 1696200
0.596988 1128000
0.697900 1696200
0.941639 1829400
0.806841 1494000
0.877914 1025400
0.799159 1019400
0.939557 1463400
0.686753 1647600
0.555465 1647600
0.675308 1101000
0.759901 1101000
0.848577 1441800
0.690052 1631400
0.915475 1422000
0.843265 992400
0.492922 1084800
0.601317 1084800
0.672051 1084800
0.508384 1970400
0.774846 1794600
0.846301 983400
0.948269 977400
0.799053 971400
0.952833 1357800
0.714837 1916400
0.603865 1561200
0.643450 1561200
0.760341 1561200
0.597498 1561200
0.592435 1063200
0.971990 955800
0.938271 949800
0.758478 1052400
0.498441 1052400
0.728703 1889400
0.749743 1052400
0.668159 1878600
0.605437 1539600
0.895200 940200
0.916210 934200
0.847366 2482200
0.765230 2216400
0.716562 1036200
0.822603 921000
0.977750 915000
0.974434 909000
0.677927 2432400
0.684266 2707800
0.810120 1813800
0.558344 2140800
0.655174 2664600
0.971953 1762800
0.492564 1732800
0.782988 888000
0.597443 2076000
0.652571 2589000
0.975097 1693800
0.522352 998400
0.926683 2145000
0.629940 993000
0.775403 993000
0.715475 993000
0.694865 993000
0.587151 2146200
0.581644 993000
0.693874 1377600
0.742739 1377600
0.744522 993000
0.578260 993000
0.862470 862200
0.697590 2065200
0.541418 987600
0.715625 1833000
0.710397 987600
0.642962 1973400
0.985392 853200
0.846794 1342800
0.507639 976800
0.931277 840600
0.769706 971400
0.724544 1892400
0.835947 1560000
0.611624 966000
0.682953 2043600
0.668255 966000
0.678825 966000
0.899301 1306200
0.599553 960600
0.668106 960600
0.867621 817800
0.626659 1617000
0.951878 811200
0.695353 949800
0.678135 949800
0.687947 949800
0.698953 949800
0.767427 1838400
0.955843 802200
0.675606 944400
0.542597 944400
0.751167 944400
0.895351 794400
0.729130 933600
0.769911 917400
0.733909 917400
0.677339 895800
0.607453 895800
0.688543 895800
0.699553 890400
0.732519 885000
0.763117 879600
0.855036 3282600
0.916334 2296200
0.703988 2832000
0.779588 2251200
0.769081 863400
0.571568 3345000
0.855208 1620600
0.681934 3058800
0.583899 1782600
0.974755 2836200
0.693304 2772600
0.728140 841800
0.637041 2767200
0.897913 2174400
0.683878 836400
0.693450 1755600
0.559555 2353800
0.739257 1750200
0.693143 2724000
0.649845 2724000
0.872997 2695800
0.893958 1539600
0.735636 1728600
0.846954 2105400
0.867396 1513200
0.678397 2299800
0.501759 804000
0.874049 2552400
0.975319 2761800
0.660497 1636800
0.660366 2502600
0.866220 1404600
0.747597 2159400
0.709613 2923800
0.937532 2587800
0.950349 2542800
0.855398 1860000
0.884731 1338600
0.694118 2815800
0.846942 1318200
0.772975 2551200
0.865421 1297200
0.584974 2051400
0.885131 1764000
0.980743 1733400
0.972730 2284800
0.861601 1233000
0.976642 1221000
0.923063 1197000
0.855887 1178400
0.603228 2535000
0.731166 2135400
0.757199 1894800
0.899188 1571400
0.979784 2059200
0.776536 1529400
0.710816 1366800
0.911790 1092600
0.868402 1676400
0.604783 2022000
0.782491 1459800
0.912056 1903800
0.720693 1312800
0.694931 1754400
0.631258 1312800
0.504700 1302000
0.644624 1302000
0.867620 1794000
0.501311 1908600
0.890604 973200
0.505975 2135400
0.904440 958800
0.939684 1300200
0.742650 1231800
0.685911 1210200
0.592891 1204800
0.884409 891600
0.878561 878400
0.691448 1167000
0.592846 1560000
0.617259 1549200
0.693861 1527600
0.643662 1113000
0.964401 1066800
0.948879 1042200
0.647387 1064400
0.799196 1017000
0.940508 985200
0.644265 1376400
0.681508 1365600
0.662743 1010400
0.780785 1848600
0.591114 1924800
0.656034 2167800
0.757242 1638600
0.662799 1892400
0.745665 929400
0.758308 1887000
0.689109 1633200
0.910997 1386600
0.688070 1214400
0.594464 1214400
0.590645 2108400
0.875272 1315200
0.952325 1257000
0.785676 961200
0.592420 848400
0.890767 1358400
0.741800 826800
0.584247 1870800
0.762029 821400
0.796996 1036200
0.830004 1003200
0.669465 1806000
0.689051 1347000
0.721272 1530600
0.938400 852000
0.930403 1035000
0.653946 1401000
0.630702 1606200
0.760549 1320000
0.539397 1411800
0.603812 1287600
0.563115 1282200
0.651904 1276800
0.540963 1260600
0.667355 1179600
-------
0.775126 3438600
0.869667 4394400
0.643755 2008200
0.532123 2008200
0.760322 3417000
0.773283 5904000
0.861273 3395400
0.887104 1984800
0.693139 1992000
0.803185 3335400
0.757320 1965000
0.784665 3321600
0.910481 1938600
0.812414 3296400
0.713127 1943400
0.594078 4244400
0.592410 4244400
0.875424 3276000
0.613883 1938000
0.597414 1938000
0.878571 1900200
0.838280 4650600
0.883748 4923000
0.686503 4691400
0.888889 4830600
0.500390 5423400
0.943359 3168000
0.542452 1884000
0.954414 3960600
0.501762 4028400
0.667055 4028400
0.760495 4561800
0.905763 3112200
0.950586 3100200
0.787118 3088200
0.590791 5207400
0.578151 3952800
0.766179 1830000
0.952966 3761400
0.484110 1824600
0.635692 1824600
0.799038 1767000
0.663951 3098400
0.528133 3877200
0.870496 4431600
0.876156 1753200
0.891442 1740600
0.673662 3071400
0.543287 4297200
0.731636 1792200
0.685503 1786800
0.590061 3763800
0.867875 2923200
0.590411 4489200
0.672743 3753000
0.796125 3573600
0.669702 4435200
0.511486 4791600
0.736400 1743600
0.945338 3844200
0.949879 1653600
0.532104 2941800
0.674548 1727400
0.920403 1640400
0.684463 1716600
0.651291 2931000
0.668153 2925600
0.694789 2914800
0.798922 1618800
0.904553 1606200
0.838487 4019400
0.781915 1588200
0.639436 2866200
0.538848 1673400
0.763359 4095000
0.579410 2866200
0.903225 2709600
0.689299 2850000
0.697354 1662600
0.507226 1662600
0.591223 2850000
0.737015 2850000
0.494563 2850000
0.642738 2844600
0.593737 1657200
0.676037 1657200
0.791018 3561000
0.972786 1542000
0.760301 2823000
0.717937 1641000
0.740609 4251600
0.595763 1635600
0.539838 1635600
0.654388 3795000
0.955373 2611200
0.545684 3762600
0.663608 1614000
0.595629 1614000
0.777428 3486600
0.732328 3741000
0.702682 1608600
0.687591 1608600
0.978933 3057000
0.739703 2758200
0.674790 1603200
0.900387 3037200
0.944726 1474200
0.864897 3013200
0.692510 3299400
0.646452 2731200
0.866174 2520600
0.849118 2508600
0.576522 1576200
0.595212 1576200
0.878405 1446600
0.600756 2704200
0.722467 2704200
0.862331 2482200
0.596607 1565400
0.601747 1565400
0.593072 2693400
0.950334 1427400
0.943050 3250800
0.807616 2909400
0.692356 1533000
0.558885 3175200
0.630137 1527600
0.676851 2628600
0.707016 1527600
0.850939 2821800
0.693454 3153600
0.721326 1522200
0.843836 2359200
0.493899 2596200
0.768267 1511400
0.670682 2590800
0.679922 1506000
0.507740 3476400
0.771932 3300600
0.513575 1500600
0.949306 2683200
0.600287 3040200
0.644428 3034800
0.739148 1473600
0.779420 1309800
0.763021 3029400
0.595109 3029400
0.591290 2531400
0.501742 2504400
0.851573 1282800
0.727964 3336000
0.608360 2986200
0.892657 2214600
0.709438 1435800
0.605266 1430400
0.573116 1430400
0.696299 1425000
0.754761 1419600
0.684201 1414200
0.575182 1414200
0.978354 2146800
0.987464 1219800
0.679649 3830400
0.684819 4105800
0.806162 3026400
0.559551 3533400
0.768736 1392600
0.493380 3120000
0.652134 3970800
0.522613 2374800
0.925679 3322200
0.636016 1365600
0.715136 2353200
0.506139 1360200
0.503285 1360200
0.691440 2353200
0.585791 3506400
0.580157 2353200
0.690923 2737800
0.739953 2737800
0.748471 2353200
0.858682 2017800
0.699591 3420000
0.714680 3187800
0.645966 3328200
0.988498 1998600
0.590129 1338600
0.510680 2315400
0.788354 1126200
0.930542 1960200
0.888670 1113600
0.773064 2293800
0.590960 1322400
0.721898 3209400
0.839863 2659200
0.751298 1311600
0.669573 2277600
0.770712 1311600
0.597670 2266800
0.922654 1081800
0.867982 1893600
0.784262 1069200
0.777111 1063200
0.953903 1057200
0.692253 2212800
0.625959 1263000
0.820802 1024800
0.853774 1012800
0.767771 3074400
0.837154 999000
0.661750 1225200
0.957921 1788600
0.498766 1219800
0.916604 979800
0.677753 2158800
0.680955 1214400
0.747907 2158800
0.508004 1203600
0.675035 1203600
0.725920 2131800
0.538028 1187400
0.630988 1171200
0.736132 1160400
0.758913 1160400
0.740663 1149600
0.763760 1149600
0.690457 2045400
0.604208 1133400
0.663570 1117200
0.733817 1996800
0.651456 1106400
0.855094 4113000
0.781332 3068400
0.569382 4429800
0.760505 1079400
0.693143 3835800
0.728136 1899600
0.635430 3819600
0.697158 2802600
0.559261 3400800
0.743116 2797200
0.732874 2759400
0.846114 2834400
0.870001 2236200
0.676377 3314400
0.500526 1818600
0.872895 3267600
0.976486 3471000
0.510598 1003800
0.658771 3501000
0.864237 2099400
0.938916 3274800
0.949137 3217800
0.852655 2528400
0.883106 2000400
0.847061 1959600
0.861946 1930800
0.588594 2995800
0.977897 2347200
0.975085 2892600
0.974851 1816800
0.732796 3031200
0.755541 2790600
0.778909 2073000
0.908951 1623000
0.865669 2200800
0.607659 2874600
0.785432 1971000
0.909775 2409000
0.695499 2590800
0.628373 2149200
0.506239 2127600
0.864204 2277000
0.893463 1447800
0.941049 1755000
0.739338 2030400
0.687746 2003400
0.590992 1992600
0.882923 1321800
0.639933 1857600
0.647854 1787400
0.802304 1358400
0.642813 2077800
0.664793 1711800
0.777139 2161800
0.594895 2615400
0.746934 1614600
0.689140 2318400
0.907739 1680600
0.691496 1894200
0.588712 2788200
0.877644 1601400
0.953297 1537200
0.590694 1512000
0.888016 1625400
0.738918 1485000
0.581492 2529000
0.829508 1253400
0.672145 2453400
0.692883 1994400
0.928276 1250400
0.656804 2021400
0.605121 1832400
0.653634 1810800
0.668430 1702800
0.617218 4390200
0.865379 5386200
0.685116 3417000
0.512270 5639400
0.588019 1997400
0.808053 3376200
0.647916 3390000
0.839189 1971600
0.684240 3384600
0.782301 5549400
0.716444 3373800
0.569870 3373800
0.937887 1957800
0.754560 4282200
0.944421 1932600
0.760632 1948800
0.594689 1948800
0.696385 5736600
0.704688 1943400
0.559597 3325200
0.696078 4848000
0.691947 4233600
0.690029 3314400
0.761732 4821000
0.874578 4704600
0.865079 4674600
0.779373 3205200
0.896696 4564200
0.894971 3156000
0.698038 1884000
0.659307 4932000
0.739014 1884000
0.783172 4776600
0.657226 3190200
0.653552 1857000
0.903586 1809600
0.871946 3850200
0.944914 3822000
0.683708 1840800
0.856394 1789800
0.948335 4921200
0.584469 1830000
0.694341 3909600
0.735673 5131800
0.754418 1824600
0.514812 5110200
0.551312 1819200
0.669161 3082200
0.934878 1746600
0.569605 1797600
0.666591 1797600
0.900275 4672800
0.723117 1792200
0.908802 4291200
0.867517 3609000
0.935561 2896800
0.944741 4186200
0.772868 4088400
0.842905 2870400
0.859138 1679400
0.918456 2851200
0.976262 3470400
0.592913 2958000
0.966256 1646400
0.864070 1633200
0.754825 4240800
0.597797 2925600
0.872964 4195200
0.871348 3727800
0.756579 2898600
0.817726 4061400
0.776537 2761200
0.692228 2850000
0.971747 1563600
0.770090 4321800
0.608212 1657200
0.806420 1548600
0.768546 2828400
0.695661 4014000
0.673298 3838200
0.660847 2823000
0.632800 2823000
0.589969 2823000
0.695667 1641000
0.769509 3429000
0.867181 2637600
0.976797 3482400
0.873719 3444000
0.789661 1503600
0.728405 3741000
0.538925 3353400
0.764026 1587000
0.698699 1576200
0.499606 2704200
0.695942 1570800
0.643119 2704200
0.721759 3272400
0.668168 1565400
0.511807 3261600
0.701464 3261600
0.687787 1549200
0.878391 2434200
0.800036 2422200
0.502971 1538400
0.958251 1396200
0.942349 2853000
0.687359 3175200
0.762097 2628600
0.916537 2794800
0.724108 1511400
0.604799 2596200
0.880823 1358400
0.849777 2333400
0.949175 2320800
0.795612 2308800
0.904312 1331400
0.717621 3395400
0.830492 1318200
0.659006 1473600
0.532636 1473600
0.975537 2257800
0.940166 2245800
0.759338 2509800
0.911009 1289400
0.745924 2499000
0.666481 3325200
0.918170 2202600
0.600954 1435800
0.848367 3743400
0.943840 1254000
0.762384 3641400
0.941569 1246800
0.718656 2455800
0.818674 2160600
0.682780 1414200
0.971590 2134800
0.673695 1392600
0.655369 4057200
0.971667 2967000
0.779871 2085600
0.598172 3457800
0.972491 2884200
0.867438 1183800
0.685382 1371000
0.554053 1365600
0.626891 2358600
0.775492 2358600
0.946432 1168800
0.598225 1360200
0.636691 1360200
0.578970 2353200
0.544114 2342400
0.584338 1354800
0.709107 2342400
0.500801 1354800
0.850527 2482200
0.873302 1133400
0.721607 1333200
0.952248 1106400
0.641643 1317000
0.611203 2277600
0.679358 3355200
0.680930 1311600
0.675128 2277600
0.898386 2395200
0.665071 2266800
0.629132 2912400
0.900813 1051200
0.955540 1856400
0.670487 1268400
0.913976 1038600
0.679995 2212800
0.884123 1030800
0.880243 1018800
0.688077 2191200
0.699866 2191200
0.877111 1005600
0.919912 993000
0.496614 1214400
0.545931 2158800
0.564724 1214400
0.895469 1758600
0.756991 1203600
0.741172 1203600
0.585000 1198200
0.774292 1198200
0.653340 1187400
0.768080 2077800
0.660692 1160400
0.663814 1160400
0.737754 2077800
0.652714 1160400
0.591719 1155000
0.680188 2045400
0.610336 2045400
0.720008 1149600
0.597162 1149600
0.702041 2040000
0.604266 1122600
0.694109 1117200
0.760451 1986000
0.914127 3120600
0.678083 1095600
0.706664 3927600
0.769041 1953600
0.851575 2424600
0.678455 4127400
0.580460 2851200
0.977395 3620400
0.900101 2938800
0.684385 1883400
0.669991 1047000
0.695430 3771000
0.646499 3771000
0.869074 3444000
0.894105 2281800
0.697086 1025400
0.669571 1014600
0.659949 2640600
0.675380 998400
0.744331 3152400
0.494574 993000
0.709560 3916800
0.691004 3771000
0.769375 3501000
0.884027 2383800
0.862979 1834800
0.921794 1786800
0.858804 1762200
0.603097 3430800
0.901465 2133600
0.977957 2614800
0.711272 2230200
0.722698 2149200
0.640685 2127600
0.501031 2728800
0.503188 2950200
0.904832 1419600
0.876355 1296600
0.689869 1933200
0.594302 2326200
0.615043 2315400
0.691846 2283000
0.966543 1428000
0.949582 1397400
0.941776 1312800
0.682995 2067000
0.652681 2853000
0.755456 2323800
0.666791 2577600
0.755045 2572200
0.596322 1894200
0.787965 1234800
0.765596 1479600
0.797969 1292400
0.721692 2178000
0.937575 1079400
0.629803 2226600
0.757105 1902600
0.538027 1972800
0.559573 1827000
0.542400 1794600
-------
0.870387 7243200
0.529093 4858800
0.757899 6267600
0.695476 4831800
0.684787 2839800
0.979331 2826000
0.760842 4794000
0.780841 6135000
0.967910 2800800
0.686971 2807400
0.813670 6084600
0.591345 7046400
0.599394 4729200
0.879129 4667400
0.938993 2755200
0.879896 7672200
0.543026 4637400
0.682541 2753400
0.498780 6776400
0.668794 6776400
0.795841 2715000
0.908459 5820000
0.953761 5802000
0.784397 5783400
0.909658 2682600
0.581167 6668400
0.806739 2675400
0.768659 4534800
0.956001 6424200
0.642604 2699400
0.942382 2655000
0.649636 2688600
0.526802 6565800
0.675788 5743800
0.775984 2672400
0.539400 6969600
0.734818 4459200
0.685486 4453800
0.590742 7150800
0.930677 2600400
0.671535 7075200
0.946917 4227600
0.676746 4356600
0.537040 2623800
0.605236 2623800
0.664566 5549400
0.692182 5538600
0.902616 4149600
0.948921 2537400
0.748368 2602200
0.636903 5452200
0.541542 4259400
0.894701 2511000
0.634941 2580600
0.899981 5212800
0.699756 4237800
0.733023 5425200
0.493661 5425200
0.681153 2575200
0.646679 5419800
0.673440 4232400
0.923753 2490600
0.731021 2569800
0.775773 2569800
0.781829 2471400
0.767031 2553600
0.757149 5376600
0.564710 2553600
0.739110 6805200
0.656851 6348600
0.543621 6310800
0.579339 2548200
0.849858 2451600
0.775943 6029400
0.673134 2542800
0.785554 2442000
0.875070 2436000
0.977419 5487000
0.941701 3891000
0.701171 2515800
0.797926 2410200
0.892701 2404200
0.866214 5410800
0.695634 5799000
0.864211 4911000
0.574993 4065000
0.514193 2488800
0.880429 3823200
0.725580 5182200
0.860375 4845600
0.595767 4038000
0.598263 4038000
0.593127 5166000
0.948669 3782400
0.939225 5599800
0.524987 2461800
0.886447 2335200
0.627991 3978600
0.706033 3973200
0.852838 5142600
0.486765 2440200
0.495828 5031000
0.771658 3946200
0.669435 5025600
0.510873 3935400
0.948337 4986000
0.696236 2429400
0.781170 3598200
0.679841 2418600
0.871839 2279400
0.653131 2413200
0.499511 4917600
0.854406 3555000
0.603583 2407800
0.892507 4472400
0.602086 3827400
0.695609 3822000
0.695674 2397000
0.932332 2247600
0.692904 2391600
0.986902 3453000
0.687218 6486600
0.805933 5251800
0.560673 5908800
0.769931 3768000
0.749950 2370000
0.648301 6340800
0.523709 4744800
0.925829 5531400
0.494285 2364600
0.504169 3724800
0.602372 2364600
0.691663 4717800
0.674478 2364600
0.583627 5871000
0.694157 5102400
0.605610 2364600
0.698268 5779200
0.725002 2359200
0.842224 2187000
0.688670 2348400
0.879804 2173800
0.713437 5530800
0.990431 4164600
0.788455 3277200
0.768559 2326800
0.651129 2326800
0.928539 4103400
0.502832 2321400
0.776837 4424400
0.587494 3622200
0.509942 2299800
0.841562 4763400
0.678132 2278200
0.768422 3589800
0.921573 3156600
0.864446 3961800
0.780578 3131400
0.700567 2251200
0.886440 2049000
0.494412 2245800
0.691347 4458600
0.601063 2245800
0.823057 3065400
0.855233 3047400
0.590996 2235000
0.771273 5309400
0.839156 3025800
0.495768 3444000
0.917789 2992800
0.863132 2001000
0.744800 4366800
0.770213 2208000
0.724824 2208000
0.505312 3411600
0.954716 1991400
0.723261 4329000
0.771677 2197200
0.502973 2197200
0.610434 2197200
0.692709 2197200
0.733975 3357600
0.756001 3357600
0.771687 2186400
0.688581 2186400
0.627275 2186400
0.733728 2181000
0.767618 3330600
0.777085 1951200
0.689830 4221000
0.602473 3309000
0.703484 2175600
0.944721 1942800
0.884507 1930200
0.733854 4145400
0.649344 3249600
0.858418 6016800
0.687841 2137800
0.784845 4965600
0.754519 2132400
0.567883 6562200
0.879520 1888800
0.696028 5962800
0.725009 2127000
0.693700 4929600
0.555419 5527800
0.846313 4710000
0.873117 4105800
0.680348 5430600
0.872458 5130000
0.507421 3109200
0.867344 3948000
0.938939 5117400
0.594412 2094600
0.521792 2078400
0.861473 3741000
0.975203 4690200
0.983368 1791600
0.577809 2046000
0.674736 2046000
0.916970 1777800
0.733381 5071800
0.754355 4831200
0.541848 2040600
0.762592 2040600
0.755531 2040600
0.780091 3841800
0.865438 3957600
0.604226 4899000
0.908566 4152000
0.691776 4604400
0.632172 4162800
0.507873 4141200
0.893886 3170400
0.686823 1997400
0.942255 3469800
0.859892 1707000
0.687548 3990000
0.952373 1699800
0.594455 3973800
0.698674 1975800
0.507120 1970400
0.686481 1970400
0.694764 1965000
0.668220 1965000
0.744504 1959600
0.899932 1655400
0.646247 3736200
0.799915 3007200
0.666696 3655200
0.532611 1943400
0.617639 1943400
0.864731 1639800
0.597551 4531800
0.858826 1607400
0.687360 1911000
0.689894 4229400
0.839408 1599600
0.904705 3274200
0.693295 3794400
0.600788 1900200
0.584771 4688400
0.735289 1900200
0.603313 1894800
0.683862 1894800
0.964459 1572000
0.582131 4407600
0.832198 2811000
0.594120 1873200
0.742151 1867800
0.727097 1840800
0.676567 1813800
0.655865 3624600
0.629277 1808400
0.667419 3511200
0.731210 1803000
0.687063 1803000
0.744172 1797600
0.589552 1770600
0.504870 1770600
0.583220 1743600
0.653969 1743600
0.750657 1743600
0.615480 6112200
0.683449 5133600
0.566368 1716600
0.509800 7356000
0.588306 3714000
0.807803 4720200
0.683757 5079600
0.785928 6873600
0.754267 5966400
0.672086 1684200
0.758301 3627600
0.591834 3627600
0.641016 1678800
0.642543 1678800
0.693438 1678800
0.693225 7415400
0.705314 3622200
0.495587 1673400
0.697324 6521400
0.695709 5901600
0.764606 6489000
0.875477 5986800
0.779033 4475400
0.741222 3519600
0.685159 1619400
0.697054 1619400
0.944170 5025600
0.586781 3417000
0.751154 3411600
0.670494 4663800
0.566415 3373800
0.897705 5840400
0.721510 3357600
0.700406 1560000
0.866577 4757400
0.519610 1554600
0.659000 1554600
0.593690 1549200
0.556312 1543800
0.565599 1533000
0.586508 1533000
0.968319 2741400
0.862666 2722200
0.870136 5277000
0.869843 4797600
0.767208 5790000
0.809175 2583600
0.766520 4285800
0.694294 5471400
0.663460 4280400
0.629589 4280400
0.698406 3098400
0.768684 4886400
0.975235 4492800
0.787131 2495400
0.761043 3012000
0.697371 3001200
0.693928 2995800
0.639916 4118400
0.508932 4670400
0.685351 2958000
0.874925 3384600
0.942595 3784200
0.762087 4005000
0.913049 3700800
0.721301 2877000
0.847447 3219600
0.950626 3194400
0.795325 3176400
0.832209 2166000
0.655223 2790600
0.975345 3092400
0.941844 3074400
0.913776 2105400
0.604891 2709600
0.851772 4531800
0.942747 2022000
0.817429 2923200
0.670123 2623200
0.779211 2808600
0.976333 3594600
0.687350 2569200
0.553192 2563800
0.624256 3556800
0.600276 2547600
0.639089 2542200
0.545521 3508200
0.503169 2520600
0.873516 1777800
0.948381 1718400
0.644503 2445000
0.681199 4472400
0.673084 3394800
0.900695 2982600
0.664994 3362400
0.897858 1604400
0.959328 2403600
0.668573 2342400
0.916576 1573200
0.682895 3281400
0.881136 1558800
0.878095 1540200
0.896482 2256600
0.737773 2245200
0.777104 1681800
0.661873 2164200
0.664265 2164200
0.738807 3081600
0.595627 2153400
0.683862 3038400
0.610403 3038400
0.721806 2142600
0.593875 2142600
0.695769 2110200
0.915063 3534000
0.771644 2941200
0.853638 2830200
0.678584 5109600
0.980752 4018200
0.896671 3330000
0.669040 2018400
0.867797 3825600
0.890578 2657400
0.694725 1986000
0.665639 1975200
0.658398 3595800
0.675667 1953600
0.708078 4872000
0.687942 4726200
0.866649 2176200
0.857473 2085000
0.603001 4348200
0.898866 2436600
0.975435 2911800
0.709449 3131400
0.722295 3050400
0.639512 3023400
0.506733 3835200
0.907748 1684800
0.598197 3189600
0.688466 3135600
0.952159 1599000
0.654141 3640800
0.666896 3360000
0.720011 2944200
0.627590 2971200
0.758338 2625600
0.545154 2512200
0.773127 6300000
0.556998 2861400
0.978320 2854800
0.642060 4858800
0.710165 2850600
0.774029 8754600
0.859653 6235200
0.890630 4818600
0.584055 2839800
0.803422 6155400
0.911844 4746000
0.578059 2818200
0.867874 2794800
0.715144 4745400
0.594662 7046400
0.872929 6056400
0.825803 2774400
0.617197 4729200
0.839848 7411800
0.683062 7461000
0.887769 7573200
0.501136 8187600
0.941351 5904000
0.815108 2730000
0.689756 2753400
0.952260 6682800
0.577192 2742600
0.758229 7304400
0.658345 2731800
0.805773 2689200
0.578822 2721000
0.590865 7923000
0.947435 2669400
0.487479 4524000
0.639598 4524000
0.801031 4416000
0.666402 5787000
0.873741 7072800
0.879954 4388400
0.893871 4369800
0.787902 2621400
0.591607 6430800
0.864131 5536800
0.676655 6414600
0.797676 6180000
0.934066 2594400
0.594770 2645400
0.811153 2587800
0.507582 7431600
0.735146 4383600
0.943142 6424200
0.533658 5571000
0.923446 4207200
0.683367 4340400
0.492058 2623800
0.651221 5554800
0.708168 2623800
0.837616 2556000
0.668853 2618400
0.796696 4168200
0.837743 6550200
0.780722 4113000
0.792523 2518800
0.760101 6681000
0.582227 5446800
0.529211 2580600
0.691365 5425200
0.506314 4237800
0.587935 5425200
0.593459 4232400
0.543817 2575200
0.792833 6044400
0.972386 4019400
0.688090 2553600
0.719130 4194600
0.593851 4189200
0.538270 4189200
0.951964 5071200
0.661684 4162200
0.597762 4162200
0.728471 6283800
0.702153 4151400
0.689428 4151400
0.660626 2542800
0.742494 5284800
0.672939 4129800
0.901501 5460000
0.713644 2505000
0.648778 5230800
0.852219 4893000
0.597168 4065000
0.911967 2370600
0.602470 5182200
0.755393 2472600
0.809442 5251800
0.585243 2456400
0.688713 3989400
0.562419 5626200
0.846029 2328000
0.675023 5074200
0.696446 5593800
0.724802 3962400
0.840313 4672200
0.681170 3940800
0.505023 5911200
0.773426 5735400
0.796004 2296200
0.597672 5464200
0.643819 5458800
0.736477 3897600
0.763889 5448000
0.595675 5448000
0.659969 2418600
0.588945 4950000
0.724103 5743800
0.642276 2407800
0.610877 5394000
0.886763 2263800
0.643673 2397000
0.708336 3832800
0.572647 3827400
0.757443 3816600
0.685338 3805800
0.646365 2391600
0.573725 3805800
0.976695 4386000
0.678578 6211200
0.651224 2380800
0.724100 2375400
0.866170 2217600
0.489590 5490000
0.636475 3730200
0.711711 4717800
0.507704 3724800
0.576578 4717800
0.742887 5102400
0.749339 4717800
0.861942 4212600
0.669973 2359200
0.855757 2181000
0.748369 2348400
0.508966 2343000
0.648658 5671200
0.964472 2160000
0.663597 2332200
0.589493 3670800
0.696578 2332200
0.690407 2332200
0.511600 4647600
0.751442 2326800
0.892669 3250200
0.873206 2124600
0.503532 2305200
0.879882 2118000
0.899572 2110800
0.723067 5503800
0.942768 2098200
0.774049 2283600
0.584649 2283600
0.752042 3595200
0.931659 2090400
0.666439 4555800
0.603831 2278200
0.897938 2082000
0.726186 2272800
0.594223 4539600
0.720389 2267400
0.775891 3319800
0.950974 3112800
0.628556 3508800
0.595852 2235000
0.660304 3454800
0.959779 3808800
0.681935 2224200
0.961821 2007000
0.681575 4366800
0.683855 3422400
0.780199 1985400
0.676558 3400800
0.534836 3384600
0.629946 3368400
0.901185 1973400
0.934344 1967400
0.561165 2186400
0.907698 1959000
0.741741 3330600
0.699096 2175600
0.896394 1936800
0.661656 3282000
0.492338 2159400
0.970664 1923600
0.806253 1917600
0.861664 1911000
0.764927 2143200
0.762079 2132400
0.687365 2132400
0.756670 3206400
0.768019 2127000
0.633871 2127000
0.731862 4026600
0.632105 5946600
0.639923 2127000
0.741613 4924200
0.730983 4886400
0.502660 3934800
0.978727 5327400
0.701458 2105400
0.655720 5606400
0.951922 5053800
0.854751 4358400
0.880904 3824400
0.850245 3777000
0.593630 2073000
0.652195 2073000
0.587389 5063400
0.976982 4150800
0.973325 3602400
0.604967 2046000
0.906449 3385800
0.605606 2024400
0.782004 3720600
0.677502 2019000
0.866938 4012200
0.734118 2008200
0.879769 1728600
0.690596 1997400
0.574871 1997400
0.737561 4022400
0.693038 1992000
0.576158 1992000
0.691876 1986600
0.880305 3015000
0.557578 1975800
0.791365 1686000
0.714227 1970400
0.606786 1970400
0.674799 1970400
0.962143 1677000
0.736793 1965000
0.771610 1965000
0.641107 3822600
0.962581 1668000
0.966131 1661400
0.646473 4021200
0.676875 1943400
0.751490 1938000
0.588285 1938000
0.779325 1632600
0.670086 1932600
0.860784 1626000
0.776983 3781800
0.921139 1614000
0.744872 3525600
0.880879 3186600
0.952511 3115200
0.589418 3396000
0.884325 3190800
0.738614 3363600
0.596340 1878600
0.672535 4326600
0.689759 3867600
0.575016 1873200
0.759791 1873200
0.774939 1873200
0.922441 1548000
0.929147 2791800
0.658720 3883800
0.832422 1534800
0.498441 1857000
0.637795 1857000
0.678567 1846200
0.754658 1840800
0.749983 1840800
0.764626 1813800
0.605597 3646200
0.696981 1808400
0.538526 1808400
0.722492 1803000
0.512013 1797600
0.736996 1786800
0.591723 1786800
0.713868 1770600
0.497622 1765200
0.551056 1754400
0.599683 1754400
0.501455 1754400
0.680519 1749000
0.675761 1743600
0.865054 6744600
0.544847 1705800
0.644023 5095800
0.841075 3302400
0.714943 5063400
0.571446 5063400
0.935183 3274800
0.580272 1684200
0.941067 3241800
0.703580 1678800
0.624780 1678800
0.558010 4998600
0.686194 4982400
0.865233 5950800
0.896336 5828400
0.569601 1646400
0.893304 4413600
0.695059 3519600
0.657695 6567600
0.784945 6014400
0.695108 1619400
0.582232 1619400
0.656451 4809600
0.651270 3476400
0.661497 1619400
0.903491 3031200
0.870321 5065800
0.681782 3438600
0.857552 2986800
0.949153 6112200
0.696021 5496600
0.739578 6718800
0.514273 6697200
0.553394 3406200
0.930969 2921400
0.670104 3373800
0.905651 5446200
0.936406 4038000
0.945724 5320800
0.661031 1543800
0.774780 5632200
0.844724 3997200
0.860984 2800200
0.916918 3958800
0.976289 4572000
0.594369 4474800
0.753808 5746800
0.595215 4431600
0.758434 4388400
0.816257 5118600
0.773456 4240200
0.694492 4329000
0.972843 2612400
0.606763 3125400
0.675154 5295600
0.591823 4280400
0.863967 3654600
0.875775 4442400
0.730144 5171400
0.538277 4783800
0.501532 4129200
0.723350 4681200
0.665687 2974200
0.703696 4670400
0.802371 3366600
0.500512 2936400
0.956516 2334000
0.683505 4562400
0.606333 3961800
0.877686 2257200
0.903237 2193000
0.715647 4717800
0.529776 2785200
0.757517 3805200
0.743770 3783600
0.663656 4609800
0.918759 3004200
0.939994 2036400
0.766292 4904400
0.718146 3708000
0.684609 2655600
0.971421 2884200
0.655160 5287800
0.972159 3702000
0.594240 4666800
0.865213 1888200
0.776874 3054600
0.945338 1858800
0.575843 3535200
0.585376 2520600
0.706335 3508200
0.851322 3132600
0.724279 2477400
0.609799 3394800
0.678813 2428800
0.625931 4002600
0.686402 3249000
0.697354 3249000
0.493349 2261400
0.547382 3205800
0.564996 2261400
0.757568 2245200
0.586000 2239800
0.656449 2218200
0.771917 3087000
0.649354 2164200
0.705698 3033000
0.607779 2115600
0.757067 2979000
0.678055 2083200
0.708623 4915200
0.577834 3833400
0.686432 2854800
0.698743 4742400
0.648280 4742400
0.748299 4107600
0.492715 1948200
0.767002 4456200
0.887042 2738400
0.919359 2121600
0.504932 3624600
0.878543 1541400
0.692698 2796600
0.612085 3178800
0.967525 1635600
0.681039 2887200
0.754684 3111600
0.752435 3354600
0.596374 2676600
0.761997 2251200
0.538376 2690400
0.562536 2544600
-------
0.868329 11266200
0.530765 8881800
0.755733 10290600
0.771232 4023000
0.944794 4015200
0.697329 4017600
0.694899 8849400
0.596937 4017600
0.684886 6857400
0.974019 4006800
0.632641 4012200
0.976812 6826200
0.890915 3994200
0.759249 8795400
0.783186 10122600
0.966852 6782400
0.684625 6798000
0.816302 10059600
0.592319 11031600
0.601256 8714400
0.881254 8635200
0.942412 6717000
0.877440 11628000
0.872905 3949800
0.545536 8601000
0.679044 6717000
0.871443 3942600
0.500989 10734600
0.669986 10734600
0.793168 6650400
0.611125 3952800
0.910397 9748800
0.952086 9724800
0.776114 3916800
0.785464 9694200
0.810087 3904800
0.906390 6581400
0.579017 10588800
0.803838 6567600
0.753746 3915000
0.770234 8449800
0.778837 3885000
0.953606 10303200
0.644089 6603600
0.940737 6527400
0.605216 3898800
0.648081 6587400
0.700091 3898800
0.529245 10464600
0.677681 9642600
0.667535 3898800
0.772086 6571200
0.540415 10868400
0.808653 3861600
0.736419 8352600
0.860436 3855000
0.682621 8341800
0.588600 11038800
0.929547 6448200
0.671538 10957800
0.685618 3882600
0.595850 3882600
0.743549 3882600
0.943475 8067000
0.912880 3833400
0.675595 8228400
0.536938 6495600
0.690975 3871800
0.568561 3871800
0.607577 6495600
0.646507 3871800
0.662450 9421200
0.680970 3871800
0.688676 9410400
0.509073 3871800
0.695126 3871800
0.901413 7970400
0.945074 6352200
0.745933 6463200
0.638675 9313200
0.542029 8120400
0.893310 6318000
0.631721 6436200
0.739746 3855600
0.711952 3855600
0.897969 9012000
0.696822 8088000
0.733310 9275400
0.858747 3792000
0.490422 9270000
0.682453 6420000
0.643624 9264600
0.674421 8077200
0.924646 6274200
0.733888 6409200
0.775817 6409200
0.668791 3839400
0.785351 6247200
0.767537 6387600
0.758236 9210600
0.562757 6387600
0.739147 10639200
0.648508 3834000
0.654044 10182600
0.545900 10144800
0.582678 6382200
0.846272 6216600
0.779648 9788400
0.648379 3823200
0.771586 3823200
0.673280 6366000
0.788419 6193200
0.873761 6181200
0.978206 9226200
0.941951 7624200
0.697193 6317400
0.580258 3801600
0.796643 6136200
0.896422 6124200
0.591482 3790800
0.865880 9124200
0.692240 9584400
0.861945 8617800
0.571320 7845000
0.948011 3700200
0.518098 6263400
0.881735 7516800
0.664922 3769200
0.664380 3769200
0.858684 3686400
0.505244 3763800
0.692507 3763800
0.723758 8946000
0.863740 8524200
0.597937 7796400
0.601246 7796400
0.596047 8924400
0.671193 3758400
0.727656 3758400
0.949911 7452000
0.937854 9263400
0.522858 6209400
0.869589 3657000
0.887043 5986200
0.626283 7715400
0.708851 7710000
0.684074 3736800
0.850959 8785800
0.589244 3731400
0.738222 3731400
0.489779 6171600
0.750085 3731400
0.494145 8762400
0.688350 3731400
0.655017 3731400
0.773331 7677600
0.669239 8757000
0.513251 7666800
0.946116 8617200
0.695826 6155400
0.644983 3726000
0.780227 7222200
0.678289 6139200
0.869613 5896800
0.651048 6128400
0.774589 3715200
0.501657 8632800
0.851386 7164600
0.607018 6117600
0.890175 8075400
0.775147 3704400
0.838719 3596400
0.748120 3699000
0.600677 7526400
0.693659 7521000
0.695475 6096000
0.655666 3699000
0.588423 3699000
0.853006 3586800
0.932167 5828400
0.691094 6079800
0.880170 3574200
0.585893 3682800
0.946166 3567600
0.985548 7014600
0.946793 3555600
0.685878 10153200
0.805691 8800800
0.559286 9570000
0.769154 7429200
0.595246 3661200
0.752722 6031200
0.761392 3661200
0.673688 3661200
0.647323 10002000
0.521049 8406000
0.925596 9069600
0.691792 3655800
0.563299 3655800
0.495975 6020400
0.738388 3655800
0.697125 3655800
0.503834 7380600
0.599431 6020400
0.687681 8373600
0.676413 6020400
0.660224 3655800
0.583960 9526800
0.696621 8758200
0.905249 3525000
0.702187 3650400
0.961612 3518400
0.609351 6009600
0.903184 3511800
0.695395 9418800
0.841159 3505200
0.728903 5993400
0.842386 5685600
0.687164 5977200
0.880076 5665800
0.710659 9154200
0.766243 3623400
0.695844 3623400
0.993785 7648800
0.818338 3478200
0.784654 6749400
0.769367 5934000
0.651273 5934000
0.928539 7568400
0.501590 5923200
0.778658 7882800
0.591094 3596400
0.585459 7218600
0.513557 5896200
0.930173 3450600
0.619006 3591000
0.674302 3591000
0.843010 8206800
0.561698 3585600
0.661026 3585600
0.762764 3585600
0.966204 3435600
0.808561 3429600
0.676738 5853000
0.768055 7164600
0.552702 3574800
0.924303 6578400
0.860875 7377600
0.777568 6541200
0.860332 3403800
0.701067 5804400
0.883306 5446200
0.494026 5793600
0.960446 3390600
0.921632 3384600
0.599654 3537000
0.687532 7995600
0.597799 5782800
0.820842 6442200
0.873197 3370800
0.973400 3364800
0.855727 6406200
0.591233 5750400
0.762789 3515400
0.770181 8824800
0.842541 6376800
0.841608 3345000
0.498269 6948600
0.918048 6331200
0.865237 5333400
0.740980 7860600
0.773271 5701800
0.721563 5701800
0.507981 6905400
0.952431 5315400
0.686311 3488400
0.640261 3488400
0.719527 7817400
0.770628 5685600
0.703361 3488400
0.607931 3488400
0.707917 3488400
0.679205 3488400
0.504236 5685600
0.606949 5685600
0.683665 3488400
0.695265 5685600
0.568182 3488400
0.687496 3488400
0.887737 3309600
0.917031 3303600
0.731286 6835200
0.756425 6835200
0.767902 3477600
0.593485 3477600
0.609066 3477600
0.768653 5664000
0.690156 5664000
0.627910 5664000
0.639418 3477600
0.728667 3477600
0.796175 3291600
0.731475 5653200
0.765217 6802800
0.777692 5235600
0.686381 7687800
0.605987 6775800
0.704218 5642400
0.944775 5219400
0.882656 5200800
0.730791 7601400
0.647934 6705600
0.858643 9280200
0.686758 5588400
0.880615 3256800
0.787811 8216400
0.753435 5572200
0.568516 10002000
0.882804 5132400
0.497550 3434400
0.950367 3237000
0.640471 3429000
0.697402 9391800
0.690084 3429000
0.693170 3429000
0.727807 5556000
0.692206 8358600
0.553233 8956800
0.506479 3429000
0.848334 7936200
0.869764 7326000
0.678141 8848800
0.613864 3418200
0.871218 8343000
0.653152 3412800
0.666300 3412800
0.506988 6522000
0.863420 7153200
0.552032 3407400
0.942927 8316000
0.593848 5496600
0.493797 3402000
0.662583 3402000
0.649559 3402000
0.596331 3402000
0.591681 3402000
0.520030 5480400
0.676425 3402000
0.861454 6928800
0.696451 3396600
0.670249 3396600
0.971453 7870800
0.983629 4966200
0.518027 3385800
0.670508 3385800
0.579020 5431800
0.689388 3385800
0.675298 5431800
0.917587 4943400
0.735190 8452200
0.755873 8211600
0.542832 5421000
0.759522 5421000
0.753860 5421000
0.780424 6998400
0.864261 7108200
0.606315 8268600
0.906959 7296000
0.922729 3138000
0.694879 7963200
0.630221 7521600
0.510267 7500000
0.892160 6300600
0.690219 5350800
0.586648 3353400
0.684294 3353400
0.941285 6592200
0.585974 3348000
0.858125 4822800
0.789145 3109800
0.757297 3337200
0.503018 3337200
0.686901 7327200
0.890461 3102000
0.948654 4795800
0.592508 7300200
0.895798 3089400
0.864424 3083400
0.633821 3315600
0.597065 3315600
0.757172 3315600
0.635981 3315600
0.697601 3315600
0.720867 3315600
0.698523 5291400
0.584109 3315600
0.696419 3315600
0.766409 3315600
0.675650 3315600
0.748803 3315600
0.508436 5286000
0.683706 5286000
0.956294 3069000
0.693925 5275200
0.666586 5275200
0.794597 3061800
0.744692 5264400
0.523305 3304800
0.903163 4710000
0.566563 3299400
0.649939 7035600
0.744583 3299400
0.538431 3299400
0.802066 6053400
0.750065 3294000
0.886081 3039600
0.663204 6943800
0.530345 5232000
0.672414 3288600
0.613885 5232000
0.866302 4671000
0.701884 3283200
0.699106 3283200
0.731340 3283200
0.594192 7815000
0.858156 4630200
0.699226 3277800
0.685874 5188800
0.687610 7507200
0.835627 4614600
0.906113 6283200
0.690968 7061400
0.651990 3267000
0.604355 5167200
0.583816 7955400
0.733732 5167200
0.562919 3267000
0.604270 5161800
0.682061 5161800
0.684621 3267000
0.964768 4569600
0.725551 3261600
0.585612 7669200
0.936080 2990400
0.500564 3256200
0.691303 3256200
0.831075 5794200
0.683929 3250800
0.591769 3250800
0.850053 2976000
0.591347 3245400
0.591771 5118600
0.744120 5113200
0.590585 3245400
0.647696 3245400
0.971963 2967000
0.910567 2961000
0.727016 5075400
0.641188 3234600
0.530780 3234600
0.837779 2953200
0.673891 5043000
0.894081 2946600
0.966985 2940600
0.597707 3218400
0.862208 2934000
0.658685 6837600
0.673086 3213000
0.632613 5021400
0.604280 3213000
0.630065 3213000
0.767206 3213000
0.667772 6724200
0.941674 2923800
0.729579 5010600
0.889669 2917200
0.762752 3202200
0.684216 5005200
0.745252 4999800
0.508082 3202200
0.898410 2908800
0.672929 3196800
0.881535 2902200
0.747932 3191400
0.709573 3191400
0.778363 2895000
0.981773 2889000
0.673120 3180600
0.592063 4951200
0.507454 4951200
0.490759 3180600
0.743712 3180600
0.865967 2880000
0.583318 4918800
0.745782 3175200
0.656841 4918800
0.752541 4918800
0.705607 3175200
0.875375 2871000
0.775689 3169800
0.618503 9282000
0.681739 8303400
0.569637 4886400
0.511255 10525800
0.590625 6883800
0.740597 3169800
0.804752 7581000
0.869009 2854800
0.515855 3159000
0.679845 8238600
0.784670 9721200
0.493237 3153600
0.757577 9120000
0.672763 4837800
0.513777 3153600
0.759362 6781200
0.688628 3153600
0.588364 6781200
0.743238 3153600
0.639883 4832400
0.642109 4832400
0.695193 4832400
0.590645 3153600
0.696775 3153600
0.696563 10569000
0.709151 6775800
0.614954 3153600
0.920728 2832000
0.492731 4821600
0.700214 9669600
0.694679 9049800
0.648411 3148200
0.766710 9637200
0.766795 3148200
0.952816 2822400
0.876524 8803200
0.776086 7285800
0.744091 6651600
0.696217 3132000
0.697657 3132000
0.883664 2802600
0.687995 4746000
0.866492 2796000
0.700970 4740600
0.940805 7815000
0.684052 3115800
0.705956 3115800
0.587009 6532800
0.753851 6527400
0.986223 2781000
0.681366 3110400
0.695558 3110400
0.671043 7774200
0.562820 6484200
0.679491 3110400
0.897305 8612400
0.723039 6462600
0.696670 4665000
0.869326 7522200
0.522279 4654200
0.659642 4654200
0.895949 2757600
0.593252 4643400
0.554899 4638000
0.566187 4627200
0.587016 4627200
0.569261 3094200
0.896194 2748600
0.513841 3088800
0.971620 5483400
0.606212 3083400
0.963910 2735400
0.774455 3078000
0.866129 5451000
0.873494 7999800
0.873446 7514400
0.695861 3061800
0.777499 2710200
0.866489 2704200
0.660784 3051000
0.763971 8841000
0.807864 5280600
0.746598 3045600
0.764039 7331400
0.694258 8517000
0.941827 2689200
0.665837 7320600
0.626774 7320600
0.699610 6138600
0.765348 7926600
0.976175 7173600
0.755928 3034800
0.699945 3034800
0.787120 5169000
0.764219 6041400
0.848780 2667000
0.775916 3024000
0.732272 3024000
0.698114 6025200
0.694189 6019800
0.780322 2658600
0.664864 3018600
0.638551 7137000
0.509894 3018600
0.505839 7689000
0.847110 2650200
0.603434 3013200
0.687387 5971200
0.874266 6027600
0.560062 3007800
0.970183 2636400
0.939285 6414600
0.635826 2997000
0.739087 2997000
0.941746 2623200
0.762725 6996600
0.950714 2616600
0.916157 6311400
0.722279 5857800
0.598399 2980800
0.849377 5823000
0.953665 5791800
0.795419 5767800
0.666392 2964600
0.516631 2964600
0.828604 4750200
0.654467 5749800
0.886429 2577600
0.959315 2571600
0.975308 5658000
0.735945 2943000
0.945397 5633400
0.917503 4658400
0.624141 2932200
0.815052 2546400
0.782056 2540400
0.587420 2921400
0.606436 5631000
0.848492 7065000
0.939354 4549200
0.723712 2910600
0.817467 5443800
0.671737 5528400
0.878322 2514000
0.738746 2899800
0.779793 5316000
0.737299 2894400
0.972536 6095400
0.945363 2494800
0.869346 2488800
0.683901 5447400
0.554222 5442000
0.621667 6435000
0.670027 2878200
0.897902 2480400
0.596738 5420400
0.637592 5415000
0.720748 2872800
0.912568 2472600
0.547632 6375600
0.526969 2867400
0.505660 5388000
0.873613 4242600
0.549567 2862000
0.700298 2862000
0.773505 2862000
0.644574 2862000
0.541428 2862000
0.585994 2862000
0.946144 4173600
0.869678 2449200
0.648308 5296200
0.601449 2851200
0.740653 2851200
0.683130 7323600
0.587797 2851200
0.985767 2440200
0.554453 2845800
0.688900 2845800
0.676788 6240600
0.898768 5415000
0.665736 6202800
0.584675 2840400
0.893909 4029600
0.962404 4822800
0.688632 2829600
0.664632 5172000
0.516404 2829600
0.914474 3984600
0.685264 6105600
0.882034 3963600
0.879515 3939000
0.581529 2813400
0.749621 2813400
0.711683 2813400
0.653215 2813400
0.501506 2813400
0.917491 2389800
0.898052 4640400
0.782099 2377800
0.706409 2797200
0.735048 5042400
0.598784 2797200
0.943271 2370000
0.690440 2791800
0.929932 2363400
0.773798 4468200
0.986728 2356800
0.659766 4945200
0.667095 4945200
0.740347 5862600
0.762578 2781000
0.729204 2781000
0.595199 4934400
0.725565 2781000
0.658591 2781000
0.681778 5819400
0.612905 5819400
0.718176 4923600
0.976730 2344200
0.591572 4918200
0.495913 2775600
0.697782 2775600
0.566606 2775600
0.700770 2775600
0.587871 2775600
0.742694 2775600
0.509197 2775600
0.635682 2775600
0.693783 4885800
0.861276 2332200
0.640114 2770200
0.935450 2325600
0.911355 5853600
0.770552 5700600
0.855778 5143200
0.677342 7863600
0.871202 2306400
0.979405 6318600
0.894884 5624400
0.671510 4756200
0.865882 6113400
0.887893 4939200
0.694057 4713000
0.668904 4702200
0.689513 2727000
0.686981 2727000
0.656232 6322800
0.678212 4680600
0.710673 7599000
0.874696 2271600
0.690278 7447800
0.517291 2721600
0.497580 2721600
0.592722 2721600
0.780184 2263200
0.581178 2716200
0.868550 4432800
0.763762 2710800
0.677029 2710800
0.858262 4334400
0.676031 2705400
0.603640 7053600
0.900693 4678800
0.973939 5148000
0.547179 2694600
0.611269 2694600
0.706292 5826000
0.851098 2228400
0.601401 2689200
0.720679 5739600
0.637236 5712600
0.655741 2689200
0.507627 6524400
0.647098 2689200
0.902589 2218800
0.910570 3897600
0.484735 2678400
0.606994 2673000
0.687041 2673000
0.687945 2667600
0.598692 5851800
0.582301 2656800
0.748184 2651400
0.499452 2651400
0.742065 2646000
0.689739 5781600
0.740902 2640600
0.713090 2629800
0.948654 3738600
0.704250 2613600
0.690256 2613600
0.541000 2613600
0.543616 2608200
0.669459 2597400
0.654306 2597400
0.654397 6238200
0.669530 5957400
0.753556 2597400
0.681984 2597400
0.724716 2597400
0.574319 2592000
0.723008 5536200
0.710341 2581200
0.559209 2581200
0.628425 5552400
0.686373 2575800
0.669571 2575800
0.767789 2575800
0.761408 5201400
0.661784 2575800
0.564296 2575800
0.602163 2559600
0.543692 5061000
0.609635 2548800
0.613081 2548800
0.748347 2548800
0.640961 2543400
0.673596 2543400
0.612417 2538000
0.495483 2532600
0.691238 2532600
0.757197 2527200
0.653015 2521800
0.760959 2516400
0.686833 2516400
0.540554 2511000
0.576095 2511000
0.683457 2511000
0.776686 8290200
0.560951 5367000
0.978691 4838400
0.638778 7359000
0.711276 5350800
0.777605 10731000
0.859348 8205600
0.891581 6783000
0.503945 2484000
0.585249 5323800
0.800439 8106600
0.910628 6685200
0.581972 5280600
0.865547 4727400
0.503939 2457000
0.715907 7197000
0.595552 9498000
0.870556 7975200
0.823950 4687200
0.616064 7170000
0.587343 2435400
0.760183 2435400
0.841485 9310800
0.685542 9885600
0.604339 2424600
0.890164 9459000
0.499481 10606800
0.938616 7783200
0.817023 4603200
0.748017 2408400
0.689881 5161800
0.952135 8548800
0.575406 5140200
0.756735 9702000
0.656965 2397600
0.658210 5129400
0.655508 2397600
0.805919 4540200
0.577786 5113200
0.587313 10315200
0.950456 4513200
0.486442 6910800
0.641238 6910800
0.802024 6252600
0.660863 2381400
0.664670 8168400
0.873826 8896200
0.877811 6205800
0.894224 6181200
0.678843 2359800
0.666080 2359800
0.790756 4425600
0.590440 8779800
0.864742 7328400
0.597726 2343600
0.678853 8758200
0.797802 7964400
0.937647 4372800
0.594602 4978200
0.810353 4359600
0.503715 9753600
0.734893 6705600
0.942876 8176800
0.530150 7882200
0.762011 2311200
0.926336 5952600
0.684744 6646200
0.493283 4929600
0.652321 7860600
0.709884 4929600
0.835606 4293000
0.665286 4918800
0.794187 5892600
0.837256 8268600
0.784010 5825400
0.790447 4225200
0.759645 8954400
0.579273 7720200
0.529897 4854000
0.691767 7693200
0.503265 6505800
0.585631 7693200
0.592086 6500400
0.546884 4837800
0.795582 7728000
0.770615 2257200
0.513184 2257200
0.677665 2257200
0.972680 5695200
0.691912 4805400
0.688674 2251800
0.723078 2251800
0.698678 2251800
0.722030 6446400
0.725566 2251800
0.650702 2251800
0.595108 6441000
0.664194 2251800
0.766486 2251800
0.534615 6435600
0.951223 6728400
0.664427 6403200
0.596086 6403200
0.728517 8524800
0.703503 6392400
0.691775 6392400
0.656647 4783800
0.733309 2241000
0.742094 7525800
0.668959 6370800
0.904509 7105800
0.710971 4740600
0.612214 2235600
0.649391 7466400
0.848246 6531000
0.599620 6295200
0.907974 4002000
0.598949 7407000
0.754233 4697400
0.757412 2224800
0.806679 6875400
0.587827 4675800
0.688826 6208800
0.560431 7845600
0.845702 3943800
0.674098 7288200
0.697022 7807800
0.511956 2214000
0.722034 6176400
0.675636 2214000
0.498828 2214000
0.839331 6271800
0.679475 6138600
0.501975 8109000
0.771688 7933200
0.795141 3880200
0.595337 7656600
0.643175 7651200
0.738128 6090000
0.763427 7640400
0.595047 7640400
0.657205 4611000
0.591875 7142400
0.724799 7930800
0.645149 4594800
0.608000 7581000
0.890685 3828000
0.641264 4578600
0.705469 6014400
0.570880 6009000
0.755544 5998200
0.688041 5982000
0.648667 4567800
0.570233 5982000
0.977163 5931000
0.679337 8382000
0.652077 4551600
0.724711 4546200
0.865880 3753600
0.490679 7655400
0.634014 5890200
0.709186 6877800
0.507215 5884800
0.580261 6877800
0.739048 7262400
0.747394 6872400
0.859540 5719200
0.667349 4503000
0.852932 3679800
0.747880 4481400
0.511029 4476000
0.649105 7804200
0.962200 3636600
0.666317 4454400
0.586017 5787600
0.696428 4449000
0.688147 4449000
0.510652 6764400
0.748278 4443600
0.892777 4711200
0.869587 3573600
0.500802 4405800
0.882895 3553800
0.902200 3540600
0.722641 7588200
0.941633 3514200
0.774185 4357200
0.586858 4357200
0.753240 5668800
0.928596 3498600
0.663660 6624000
0.600130 4346400
0.897788 3475800
0.723964 4330200
0.594442 6597000
0.717805 4324800
0.776636 4705800
0.947683 4492800
0.628138 5555400
0.595688 4281600
0.659068 5501400
0.959731 5179200
0.685810 4265400
0.960532 3370200
0.680645 6402600
0.685282 5458200
0.780159 3340800
0.678323 5431200
0.535220 5409600
0.626003 5388000
0.902985 3307200
0.933899 3295200
0.559437 4184400
0.908588 3267600
0.742109 5323200
0.701417 4168200
0.898254 3235800
0.660220 5263800
0.489931 4141200
0.972281 3209400
0.804652 3197400
0.864113 3171000
0.761700 4098000
0.763238 4081800
0.688133 4081800
0.757818 5155800
0.770022 4071000
0.636177 4071000
0.731566 5970600
0.633258 7890600
0.643308 4071000
0.739490 6868200
0.729967 6830400
0.499062 5878800
0.976813 6558600
0.701942 4044000
0.659082 7545000
0.955051 6268800
0.854892 5566800
0.884530 5026800
0.847492 4973400
0.594470 3984600
0.655141 3984600
0.587440 6975000
0.975158 5332200
0.976156 4777200
0.602366 3941400
0.907232 4552800
0.607955 3914400
0.778209 4881000
0.679702 3903600
0.870136 5145600
0.736130 3871200
0.878099 2854800
0.688934 3849600
0.578251 3844200
0.740426 5869200
0.694115 3838800
0.577894 3838800
0.694167 3828000
0.882816 4106400
0.561407 3806400
0.793816 2770200
0.715154 3795600
0.609824 3795600
0.672340 3795600
0.963967 2751600
0.735267 3784800
0.771834 3784800
0.638576 5642400
0.965256 2733600
0.965715 2720400
0.644403 5830200
0.676795 3752400
0.749258 3741600
0.592004 3741600
0.778920 2673600
0.668502 3725400
0.857319 2654400
0.776091 4804200
0.924659 2629800
0.747401 5302200
0.883016 4186800
0.949515 4109400
0.591677 5156400
0.881732 4177800
0.737463 5118600
0.596736 3633600
0.671329 6081600
0.693743 5622600
0.574231 3628200
0.763360 3622800
0.774479 3622800
0.921003 2517000
0.929976 3754800
0.661063 5622600
0.835135 2491200
0.494729 3590400
0.638279 3585000
0.680901 3563400
0.753808 3547200
0.750859 3547200
0.766842 3514800
0.603543 5341800
0.695845 3493200
0.541312 3482400
0.720640 3471600
0.511684 3466200
0.737453 3444600
0.592950 3444600
0.716559 3428400
0.497503 3423000
0.547471 3412200
0.599042 3412200
0.502276 3412200
0.681338 3401400
0.678598 3396000
0.861338 7573200
0.547800 3352800
0.647522 6742800
0.838235 4123200
0.714606 6705000
0.567498 6705000
0.933242 4088400
0.577796 3320400
0.937150 4048800
0.701515 3309600
0.623201 3309600
0.558911 6629400
0.686924 6613200
0.864346 6749400
0.895400 6621000
0.573536 3255600
0.891487 5187600
0.695225 5123400
0.657913 8171400
0.785460 6780600
0.692715 3217800
0.583507 3217800
0.653384 6408000
0.649470 5074800
0.665068 3217800
0.899837 3788400
0.872653 5817000
0.685128 5020800
0.854225 3725400
0.949266 6844800
0.696700 7062600
0.739728 8274000
0.511381 8252400
0.554644 4961400
0.934568 3624600
0.672355 4923600
0.905703 6142800
0.940367 4722000
0.943711 5992800
0.664473 3066600
0.775398 7155000
0.841583 4662000
0.861679 3459000
0.919108 4611600
0.972844 5212800
0.594507 5970600
0.752292 7242600
0.593711 5927400
0.760364 5884200
0.812397 5750400
0.771284 5725200
0.691875 5808600
0.969868 3218400
0.605220 4594200
0.675881 6753600
0.592677 5738400
0.867685 4240800
0.877622 5022600
0.728281 6607800
0.540387 6220200
0.497583 5560200
0.724078 6112200
0.666478 4405200
0.701287 6101400
0.800223 3894000
0.504173 4340400
0.954400 2854800
0.680240 5961000
0.610001 5360400
0.881462 2769600
0.900583 2699400
0.714214 6100200
0.527455 4167600
0.760978 5187600
0.740780 5160600
0.667521 5986800
0.918486 3488400
0.940005 2508600
0.769231 6265200
0.714474 5068800
0.688380 4016400
0.974142 3348000
0.652077 6637800
0.971175 4153200
0.595444 6011400
0.868759 2332200
0.778933 3491400
0.947500 2283000
0.572984 4847400
0.584135 3832800
0.707888 4820400
0.850868 3527400
0.726469 3773400
0.610965 4680000
0.676474 3714000
0.622386 5282400
0.684469 4523400
0.695550 4523400
0.496833 3535800
0.545469 4480200
0.561848 3535800
0.759220 3519600
0.584124 3514200
0.654640 3492600
0.771545 4356000
0.653028 3433200
0.709406 4291200
0.609630 3373800
0.753350 4231800
0.678582 3336000
0.708924 6168000
0.578124 5075400
0.683805 4091400
0.699178 5979000
0.650994 5979000
0.747105 5344200
0.495548 3184800
0.770895 5692800
0.888384 3010800
0.919623 2388000
0.504091 4839600
0.690970 3963000
0.611630 4339800
0.681964 4026600
0.753440 4245600
0.755925 4488600
0.592868 3810600
0.764260 3374400
0.538162 3775800
0.560981 3613800
-------
0.638137 5667000
0.758170 15946800
0.568040 5650800
0.701216 9668400
0.595759 9668400
0.511972 5650800
0.688664 12508200
0.858296 5635800
0.893635 9604800
0.758681 14419200
0.969989 12380400
0.617794 5613000
0.707310 5613000
0.682386 12411000
0.819122 15648600
0.591093 16639200
0.690587 5607600
0.570822 5607600
0.958860 5581200
0.599722 14316600
0.885109 14209800
0.880958 17190600
0.682262 5586000
0.580052 5586000
0.875809 9504600
0.681366 12297600
0.870971 9490200
0.672390 16304400
0.791456 12183600
0.913296 15275400
0.884175 5520600
0.955372 15239400
0.783442 15202200
0.895942 5496000
0.803225 12051000
0.752334 9436200
0.951812 15773400
0.640802 12114000
0.607789 9403800
0.701963 9403800
0.882735 5455200
0.666708 9398400
0.775943 12070800
0.541446 16368000
0.811843 9308400
0.645311 5494200
0.738517 13841400
0.590208 16522200
0.719027 5483400
0.929848 11874000
0.726244 5472600
0.600491 5467200
0.590112 5467200
0.943102 13470000
0.674829 13684800
0.911803 5390400
0.663794 5445600
0.638031 5445600
0.571315 9317400
0.604454 11941200
0.659317 14866800
0.747710 5445600
0.682231 9317400
0.510694 9317400
0.679169 5445600
0.902428 13338600
0.948884 11714400
0.635733 14748000
0.545371 13555200
0.896027 11671200
0.898729 14356800
0.477089 5424000
0.675678 13495800
0.922342 11602200
0.732867 11822400
0.782517 5320800
0.712009 5402400
0.673022 5402400
0.848031 5305800
0.565408 11784600
0.586908 5397000
0.603246 5397000
0.581304 11779200
0.844284 11510400
0.647031 9209400
0.709290 5386200
0.669644 11752200
0.874320 11454600
0.941876 12885600
0.699611 11682000
0.799116 11390400
0.663216 5353800
0.865346 14365200
0.688401 14932800
0.663232 9101400
0.862188 8900400
0.689386 9090600
0.867655 5206200
0.722470 14267400
0.634533 5321400
0.596686 13112400
0.515637 5316000
0.602318 13107000
0.755313 5310600
0.730245 9063600
0.941576 14427000
0.523049 11498400
0.720858 5289000
0.544061 5289000
0.865603 8812800
0.886419 11135400
0.628211 12993600
0.694840 5267400
0.493383 11439000
0.530615 5267400
0.687624 8998800
0.770751 12945000
0.665926 14024400
0.725219 5267400
0.838766 5119200
0.692376 11412000
0.645426 8982600
0.900956 5093400
0.677070 5240400
0.870441 10983600
0.649140 11363400
0.770778 8950200
0.724229 5235000
0.505281 13867800
0.639803 5224200
0.601551 12739800
0.695960 12734400
0.578491 5213400
0.855330 8633400
0.694174 11282400
0.881068 8607600
0.586195 8880000
0.884672 5020800
0.987570 12029400
0.944116 8564400
0.560579 14740200
0.592365 8831400
0.754190 11201400
0.757396 8831400
0.522991 13576200
0.835656 4990800
0.928995 14054400
0.552170 5159400
0.497112 11179800
0.741280 8809800
0.699822 8809800
0.686584 13527600
0.678934 11174400
0.661430 8809800
0.580813 14680800
0.696063 13912200
0.702750 8799000
0.606572 11152800
0.850195 4951200
0.671059 5137800
0.903646 8456400
0.692872 14545800
0.731307 11115000
0.611963 5121600
0.839999 10609800
0.881881 10582800
0.707135 14265000
0.858949 4909200
0.995882 12552000
0.598843 5100000
0.786149 11640000
0.498120 11007000
0.645191 5083800
0.591999 8674800
0.816775 4869600
0.586500 12291600
0.677791 5073000
0.928295 8311800
0.600533 5067600
0.729445 5067600
0.620885 8658600
0.845415 13059600
0.558718 8647800
0.684122 5062200
0.702413 5062200
0.762067 8647800
0.811249 8264400
0.663792 5051400
0.768867 12216000
0.553453 8626200
0.655460 5051400
0.922589 11403600
0.777938 11353800
0.499618 5035200
0.700790 10834200
0.745627 5029800
0.948974 4798200
0.886934 10238400
0.601318 8545200
0.682744 5002800
0.683782 12998400
0.593887 10785600
0.818655 11207400
0.869844 8130000
0.754470 4992000
0.589878 10731600
0.766309 13806000
0.843184 11115600
0.888868 4732800
0.705705 4965000
0.917113 11050800
0.744808 12809400
0.721278 10650600
0.508093 11854200
0.952991 10014600
0.684908 8431800
0.642163 8431800
0.756231 4938000
0.718979 12755400
0.768371 10623600
0.703963 8421000
0.762302 4932600
0.658327 4932600
0.710617 8421000
0.607668 10618200
0.683085 8421000
0.580423 4927200
0.686801 8415600
0.884216 7965600
0.758919 11746200
0.611420 8388600
0.690535 10575000
0.733633 4911000
0.645732 4905600
0.637764 8383200
0.732093 8383200
0.599075 4905600
0.662600 4905600
0.795532 7919400
0.680811 4900200
0.587626 4900200
0.732621 10553400
0.776123 9855000
0.683419 12582600
0.515257 4894800
0.604260 4889400
0.883232 4598400
0.879655 9787200
0.730378 12469200
0.619213 4862400
0.689420 10445400
0.787792 12775200
0.755758 4846200
0.750389 10418400
0.569133 14848200
0.882346 9683400
0.695033 4840800
0.529718 4830000
0.696368 8259000
0.770608 4830000
0.974957 4525800
0.892544 4519800
0.706786 4819200
0.700530 4819200
0.505770 8248200
0.869005 11830200
0.863744 4497000
0.664241 8210400
0.672354 4797600
0.684061 4797600
0.864266 11634600
0.554431 8199600
0.486282 4792200
0.595759 10278000
0.495684 8183400
0.665301 8183400
0.648124 8183400
0.595985 8183400
0.594253 8183400
0.521525 10261800
0.682852 4781400
0.909876 4456200
0.798393 4444200
0.852595 4437600
0.693338 8156400
0.647195 4759800
0.672785 8156400
0.970293 12300000
0.981903 9389400
0.516736 8134800
0.781675 4413600
0.921121 9350400
0.752059 12949800
0.545931 10159200
0.874749 4398600
0.755721 10153800
0.673110 4732800
0.764978 4732800
0.777318 11388600
0.689705 4722000
0.697925 4716600
0.603773 12985200
0.909358 11666400
0.868357 4364400
0.920596 7496400
0.631722 12222000
0.888436 10644600
0.692450 10040400
0.568177 4684200
0.587385 8021400
0.704450 4673400
0.483991 4673400
0.647129 4673400
0.928767 4302600
0.760754 7994400
0.501662 7994400
0.592528 4657200
0.590126 4657200
0.683110 11984400
0.888135 7395000
0.963201 4281000
0.639461 4641000
0.588784 11941200
0.896500 7363200
0.492785 4635600
0.866930 7344000
0.523566 4624800
0.632628 7940400
0.756431 7940400
0.694158 7940400
0.695211 9916200
0.678592 4624800
0.995174 4248600
0.583664 7935000
0.770048 7935000
0.672297 7935000
0.598539 4614000
0.748319 7929600
0.775839 4614000
0.837772 4232400
0.509889 9894600
0.682191 9894600
0.676636 4608600
0.952804 7293600
0.546652 4603200
0.668510 9878400
0.717655 4603200
0.793598 7276800
0.904086 8916600
0.683785 4592400
0.569630 7891800
0.882594 4199400
0.741556 7886400
0.596399 4581600
0.772282 4581600
0.753168 7870200
0.887202 7216200
0.908561 4164000
0.660957 11503800
0.527924 9792000
0.536805 4560000
0.612685 9792000
0.892711 4147200
0.669215 4549200
0.699537 7832400
0.590935 12353400
0.855002 4118400
0.689288 9716400
0.975685 4110000
0.909156 10381200
0.586592 12466800
0.735940 9678600
0.579846 4511400
0.696787 4506000
0.698555 4500600
0.854315 4070400
0.667040 4495200
0.933182 7054200
0.693035 7746000
0.736689 4489800
0.656595 4484400
0.956104 4048200
0.945911 4042200
0.772250 4468200
0.741668 9581400
0.594522 7713600
0.791253 4020000
0.684120 4452000
0.943220 4007400
0.821591 4000800
0.595859 4441200
0.931667 3986400
0.532147 7654200
0.834297 6919800
0.600313 4414200
0.694434 4414200
0.692045 4414200
0.708021 4398000
0.654857 11224800
0.711445 4387200
0.673751 7600200
0.897706 3924000
0.768244 4381800
0.685406 4381800
0.636026 9403200
0.602058 7594800
0.770129 7594800
0.827089 3913200
0.602285 4371000
0.750335 4371000
0.678764 4365600
0.945444 6816600
0.597746 4360200
0.889917 6796800
0.762547 7551600
0.979506 3871200
0.747294 4344000
0.898569 6772800
0.701994 4338600
0.927360 3857400
0.670169 7530000
0.592500 4333200
0.747959 7519200
0.711651 7519200
0.949263 3842400
0.980832 6718800
0.692174 4295400
0.492146 7476000
0.648305 4295400
0.681935 4295400
0.743041 7476000
0.776698 3799800
0.581854 9198000
0.598642 4279200
0.754914 9198000
0.607653 4279200
0.900392 3769800
0.703310 4257600
0.569497 9144000
0.514440 14783400
0.594420 11141400
0.677033 4257600
0.865029 3734400
0.677624 12480000
0.759983 13356000
0.651468 4236000
0.762389 11017200
0.584608 11017200
0.768738 4236000
0.642022 9068400
0.693445 9068400
0.593052 7389600
0.920695 6540600
0.701648 13900200
0.694510 13280400
0.649308 7378800
0.773736 4230600
0.768325 7378800
0.874638 12489600
0.779324 10966200
0.743225 10860600
0.693287 7341000
0.548625 4198200
0.868350 6453600
0.703490 8933400
0.761231 4187400
0.685562 7297800
0.751526 10704000
0.985901 6410400
0.652804 4171200
0.898651 12231000
0.725814 10628400
0.689488 4160400
0.520937 8814600
0.660625 8814600
0.980236 3589800
0.557483 8782200
0.571262 7238400
0.898380 6330000
0.513952 7227600
0.960552 6290400
0.771120 7195200
0.872725 11541600
0.584041 4106400
0.599359 4101000
0.692586 7162800
0.662566 4095600
0.800422 3520800
0.870371 6219000
0.657686 7135800
0.810689 8781600
0.748762 7119600
0.764887 11405400
0.943620 6181800
0.938022 3486600
0.696215 10201800
0.695547 4063200
0.764044 11989800
0.678378 4063200
0.977785 10644000
0.758767 7087200
0.689629 4047000
0.659646 4047000
0.671618 4047000
0.764720 10088400
0.846635 6121800
0.773564 7065600
0.733069 7065600
0.604460 4041600
0.662213 7054800
0.854149 3439200
0.507077 7049400
0.608138 4030800
0.505591 11719800
0.601905 7038600
0.922765 3421800
0.556212 7017000
0.966425 6039000
0.631936 6995400
0.657132 3987600
0.954362 5992200
0.597803 6957600
0.744196 3976800
0.848438 9184800
0.514425 6925200
0.514148 3960600
0.651794 9705000
0.955737 5894400
0.967664 3310200
0.942529 8937600
0.836833 3297600
0.678725 3901200
0.815528 5817600
0.690370 3895800
0.782549 5804400
0.763880 3890400
0.915924 3257400
0.725798 3885000
0.671636 3885000
0.610238 9516000
0.849807 10313400
0.908780 3242400
0.979713 3230400
0.722030 6768600
0.817761 8655600
0.673480 3847200
0.692660 3841800
0.740137 3841800
0.652009 3841800
0.506781 3841800
0.878135 5708400
0.766134 3836400
0.740314 6730800
0.779945 8491200
0.559647 3804000
0.802634 3147600
0.934445 3141000
0.668500 3787800
0.599613 9208200
0.591848 3787800
0.638581 9202800
0.719267 6660600
0.915789 5598600
0.685584 3777000
0.706274 3777000
0.642484 3777000
0.523716 6644400
0.507457 3777000
0.507777 9165000
0.696043 3777000
0.874628 7350000
0.973910 3100800
0.682459 3766200
0.569914 3760800
0.640688 6622800
0.600011 3760800
0.875475 3085200
0.537835 3755400
0.872487 5520000
0.735856 3744600
0.649007 9040800
0.603180 6595800
0.597282 3739200
0.685206 11062800
0.589406 6590400
0.556441 6579600
0.939376 3047400
0.678259 3728400
0.906475 3040800
0.585485 3723000
0.692478 6568800
0.677743 3723000
0.901817 8446800
0.948557 3025800
0.665523 9915000
0.720960 3712200
0.583283 6552600
0.738356 3712200
0.818490 3010800
0.684636 3685200
0.639252 3679800
0.746641 3663600
0.581743 6477000
0.712071 6477000
0.657311 3663600
0.656927 6477000
0.888325 2946600
0.900258 7581000
0.704177 6439200
0.595157 6439200
0.941408 2926800
0.744009 3636600
0.942430 5290200
0.930784 5277000
0.618330 3625800
0.578235 3625800
0.767067 3620400
0.662740 8565600
0.737722 9483000
0.762637 6401400
0.675653 3620400
0.688981 3620400
0.776359 2891400
0.681180 9434400
0.715246 8538600
0.655419 3604200
0.497012 6379800
0.565464 6374400
0.591909 3593400
0.961676 2854800
0.697221 6363600
0.714209 3588000
0.633660 6363600
0.686055 3582600
0.673834 3577200
0.772092 9272400
0.856431 7966200
0.674147 11430000
0.871251 5122800
0.589639 3555600
0.516895 3550200
0.674405 8306400
0.693801 8252400
0.670242 3539400
0.761557 3539400
0.508440 3539400
0.708051 11138400
0.646385 3528600
0.513819 6250200
0.582270 6239400
0.867989 7186200
0.678229 6223200
0.854957 7073400
0.771726 3501600
0.605446 10555200
0.507534 3490800
0.972961 7858800
0.598789 3485400
0.706637 9306000
0.851790 4924800
0.601555 6158400
0.720286 9208800
0.679630 3463800
0.634664 9171000
0.654193 6147600
0.553363 3453000
0.649554 6142200
0.906238 4872000
0.674684 3442200
0.520483 3442200
0.700264 3436800
0.680651 3426000
0.614184 3399000
0.749636 6045000
0.503448 6045000
0.742011 6039600
0.688751 9175200
0.670775 3388200
0.605755 3388200
0.709571 6012600
0.952163 6303000
0.521442 3377400
0.566522 3361200
0.558955 3361200
0.552763 3361200
0.696652 3361200
0.647634 3361200
0.579835 3361200
0.653115 9599400
0.754914 5953200
0.684754 5942400
0.722175 5942400
0.572670 5937000
0.562182 5920800
0.483255 3339600
0.632051 8886600
0.650420 3328800
0.671047 5904600
0.661693 5899200
0.695391 3318000
0.561077 5893800
0.667193 3312600
0.605065 5872200
0.517188 3312600
0.547319 3285600
0.626679 3285600
0.594661 3285600
0.674556 5818200
0.598959 3264000
0.661957 3264000
0.703021 3247800
0.498804 5780400
0.586979 3247800
0.650335 3237000
0.755895 5764200
0.653861 5758800
0.747774 3237000
0.563959 8566200
0.975822 7148400
0.639896 10552800
0.500051 5667000
0.587394 8506800
0.552182 3177600
0.912158 8953200
0.580031 8442000
0.506717 5607600
0.505074 3145200
0.824658 6920400
0.587355 5564400
0.839501 11529600
0.687089 13009200
0.887343 11670600
0.744226 5515800
0.692285 8269200
0.949486 10738800
0.660499 5499600
0.658577 5494200
0.805107 6714600
0.590166 13406400
0.771313 3085800
0.802031 8411400
0.666534 11243400
0.663123 5407800
0.747428 3048000
0.792440 6538200
0.649874 3037200
0.698019 3037200
0.587370 11817000
0.866167 9426600
0.679021 11790000
0.939184 6457800
0.592956 7999200
0.732934 9721200
0.540278 3010200
0.530246 10892400
0.760361 5321400
0.758927 3004800
0.686698 9651000
0.679417 3004800
0.707960 7934400
0.663015 7918200
0.837389 10308600
0.793879 6253200
0.755725 11932200
0.582058 10692600
0.690140 10660200
0.500879 9472800
0.590209 9462000
0.684397 2961600
0.549122 7799400
0.722113 2961600
0.676379 5213400
0.974777 7683600
0.681384 2950800
0.657593 2950800
0.688971 7756200
0.722429 9397200
0.729529 5202600
0.646923 5202600
0.765100 5202600
0.656501 2934600
0.623899 2934600
0.593197 9337800
0.700788 9327000
0.653109 7718400
0.734372 5175600
0.666034 9305400
0.611309 5159400
0.571197 2923800
0.845917 8457600
0.597914 9202800
0.906186 5910000
0.598272 10298400
0.587828 2891400
0.672287 2891400
0.745769 2891400
0.760324 5110800
0.590765 7556400
0.643349 2880600
0.842993 5821800
0.699991 10683000
0.721288 9046200
0.673337 5083800
0.497818 5083800
0.838938 8134200
0.597083 10515600
0.736186 8949000
0.653409 7470000
0.593946 10001400
0.888471 5663400
0.691229 2848200
0.691907 8830200
0.615918 2848200
0.650351 7416000
0.978611 7753200
0.676193 11224800
0.651921 7394400
0.710165 9699000
0.665633 7318800
0.751317 7291800
0.509701 7286400
0.964665 5396400
0.666429 7259400
0.589182 8592600
0.514558 9569400
0.891572 6461400
0.865833 5317800
0.941982 5230200
0.587551 7129800
0.928634 5206800
0.603308 7108200
0.897880 5158200
0.776393 6373800
0.949924 6154800
0.680030 9110400
0.776191 4963200
0.904785 4893000
0.557660 6854400
0.909133 4839000
0.739312 7987800
0.705258 6832800
0.894947 4796400
0.657834 7923000
0.756945 7788000
0.645070 6697800
0.741046 9489600
0.496394 8500200
0.655819 10150200
0.957078 7737000
0.888040 6481200
0.592865 6562800
0.977826 6765000
0.978657 6198000
0.778328 6275400
0.870336 6521400
0.733746 6390000
0.689510 6357600
0.574965 6346800
0.741770 8366400
0.579012 6336000
0.879323 5431800
0.560801 6282000
0.793558 4081800
0.717544 6265800
0.611136 6260400
0.672939 6260400
0.735161 6244200
0.966812 3990600
0.647831 8257200
0.855694 3883200
0.746338 7702200
0.881971 5386200
0.950227 5302800
0.589920 7540200
0.883265 5362200
0.740196 7497000
0.696602 8001000
0.765060 6001200
0.925978 4907400
0.658437 7979400
0.679513 5904000
0.749864 5887800
0.603815 7677000
0.693403 5812200
0.722455 5774400
0.733710 5731200
0.596871 5731200
0.601052 5688000
0.864494 8581800
0.544813 5607000
0.649209 8997000
0.835636 5121600
0.566456 8943000
0.930053 5067600
0.933153 5020800
0.705115 5536800
0.571963 5466600
0.893628 6129600
0.658343 10377000
0.690379 5418000
0.582700 5418000
0.652149 8608200
0.646357 7275000
0.556545 7129200
0.670687 7086000
0.903454 7017000
0.663004 5212800
0.773013 9301200
0.845346 5515200
0.860067 4306200
0.922306 5452800
0.752003 9361800
0.762591 7992600
0.812916 6555000
0.768274 7822800
0.693307 7906200
0.675423 8835000
0.871503 4996200
0.540949 8280000
0.725770 8155800
0.801926 4611000
0.501250 6378600
0.680561 7993800
0.883309 3463800
0.899104 3375600
0.530438 6168000
0.744087 7150200
0.668169 7976400
0.919807 4133400
0.941020 3147000
0.769654 8244000
0.691293 5995200
0.654210 8611200
0.968649 4773600
0.573154 6788400
0.585169 5768400
0.710544 6756000
0.848996 4096200
0.677699 5628000
0.696728 6415800
0.759957 5412000
0.586420 5401200
0.652563 5293200
0.711708 6145800
0.607227 5228400
0.581456 6913800
0.652981 7806600
0.745990 7171800
0.503634 6613200
0.609901 6064800
0.684000 5719200
0.750673 5922000
0.756806 6165000
0.540427 5403600
0.665376 5667000
0.865302 16926600
0.527498 14543400
0.927052 5653800
0.768165 9679200
0.948332 9661800
0.669670 5650800
0.691715 14500200
0.516923 5650800
0.970137 9636600
0.873735 5623800
0.637419 5634600
0.628954 9646800
0.976596 12442800
0.785229 15726600
0.587053 5613000
0.618023 5613000
0.940442 12285600
0.731943 5586000
0.548844 14181600
0.963505 5541600
0.677169 5569800
0.502030 16304400
0.675038 5569800
0.607519 9517200
0.773952 9465000
0.811243 9406800
0.909367 12071400
0.580972 16115400
0.767035 13971000
0.780784 9361200
0.941694 11991000
0.644291 12092400
0.527453 15969600
0.678118 15142200
0.949308 5440200
0.861011 9288600
0.682601 13825200
0.778822 5419800
0.847390 5413200
0.671321 16425000
0.688602 9349800
0.595094 9349800
0.744988 9349800
0.581647 5467200
0.909165 9230400
0.537159 11946600
0.773715 5451000
0.783314 5383200
0.688528 9317400
0.648799 9317400
0.637265 5445600
0.753526 5445600
0.691840 14856000
0.691513 9317400
0.745394 11898000
0.624015 5434800
0.653519 5434800
0.663355 5429400
0.633367 11865600
0.741194 9285000
0.710682 9285000
0.693231 13512000
0.733468 14699400
0.861815 9129000
0.488980 14688600
0.685806 11838600
0.641717 14683200
0.635117 5418600
0.774788 11822400
0.668137 9247200
0.785696 11561400
0.764244 11790000
0.757521 14613000
0.742457 16036200
0.648224 9231000
0.547377 5397000
0.590394 5397000
0.655590 15579600
0.549202 15541800
0.778940 15076200
0.775469 9209400
0.791883 11472600
0.980102 14493600
0.578534 9166200
0.893923 11372400
0.588769 9144600
0.862632 13852200
0.572256 13188000
0.945403 8928000
0.518505 11601000
0.885004 12738000
0.665122 9101400
0.503011 9090600
0.768014 5326800
0.767719 5321400
0.861719 13722600
0.896105 5191200
0.598824 14235000
0.673101 9069000
0.898568 5182800
0.838748 5176200
0.949955 12622200
0.753508 5294400
0.563307 5283600
0.705590 12988200
0.680737 9015000
0.849275 13927200
0.775126 5272800
0.814632 5134800
0.589308 8998800
0.738809 8998800
0.750606 8998800
0.495295 14029800
0.593202 5267400
0.650321 5267400
0.656728 8998800
0.553195 5267400
0.512747 12934200
0.947145 13730400
0.916043 5106000
0.781490 12322200
0.679709 11385000
0.689763 5235000
0.853734 12242400
0.607455 11347200
0.519965 5229600
0.891815 13146000
0.741565 5224200
0.777538 8767800
0.840274 8653800
0.744444 8912400
0.698252 11309400
0.583045 5213400
0.651843 8912400
0.588446 8912400
0.928257 10869000
0.720237 5202600
0.943325 8594400
0.685006 15328800
0.807713 13803000
0.769006 12599400
0.711635 5170200
0.671350 8831400
0.648271 15172200
0.668749 5159400
0.694780 8815200
0.562935 8815200
0.883154 4975800
0.503232 12534600
0.603334 11174400
0.904844 8489400
0.965324 8476200
0.810696 4938600
0.638344 5127000
0.839907 8436600
0.611886 5116200
0.688787 11093400
0.763673 8734200
0.699539 8734200
0.822276 8374800
0.765381 11023200
0.652494 11023200
0.925344 12451800
0.781561 12759000
0.665349 5073000
0.513780 10969200
0.674009 8658600
0.594172 5062200
0.660186 5062200
0.664050 8647800
0.589520 5062200
0.969004 8277600
0.697159 5056800
0.678073 5056800
0.745745 5051400
0.678957 10904400
0.615079 5046000
0.864161 12196200
0.856828 8209800
0.765923 5029800
0.493213 10812600
0.960616 8176200
0.918810 8164200
0.785094 4773000
0.975913 8117400
0.855260 11152800
0.764451 8496600
0.839007 8071800
0.496590 11913600
0.921294 4713600
0.862845 10041000
0.775432 10650600
0.794018 4692000
0.753042 4938000
0.894124 4683600
0.761295 4932600
0.548467 4932600
0.607110 8421000
0.680484 8421000
0.501131 10618200
0.695891 10618200
0.570663 8421000
0.741974 4932600
0.875808 4669200
0.953118 4662000
0.918367 7953600
0.733226 11746200
0.768235 8388600
0.590619 8388600
0.774292 4911000
0.768654 10575000
0.591195 4911000
0.630137 10575000
0.565016 4911000
0.776975 4636800
0.764131 11703000
0.606180 11670600
0.702102 10537200
0.944305 9830400
0.777922 4604400
0.956180 4592400
0.774543 4867800
0.954793 4579200
0.678368 4862400
0.647201 11568000
0.861626 13851600
0.881433 7821600
0.494578 8275200
0.696135 4840800
0.951180 7780200
0.637109 8264400
0.693968 4835400
0.694115 14227200
0.913808 4535400
0.693382 8259000
0.704294 4830000
0.731359 10386000
0.731498 4819200
0.695400 13177800
0.555811 13776000
0.846881 12446400
0.676032 13657200
0.610492 8226600
0.868892 12834000
0.653137 8210400
0.600287 4797600
0.509421 11319600
0.715584 4792200
0.946383 12789600
0.918773 4467600
0.677371 8183400
0.858627 11379000
0.739798 4765200
0.722619 4759800
0.675585 4749000
0.666799 8134800
0.684208 4749000
0.582388 10180800
0.685471 8134800
0.673792 10175400
0.734742 13190400
0.636666 4738200
0.754885 10153800
0.845356 4384200
0.864252 11485800
0.692714 4700400
0.697019 12663600
0.510348 12200400
0.929598 4350000
0.599236 4689600
0.586318 8043000
0.863477 4336200
0.685148 8037600
0.940267 10921200
0.782614 4323000
0.857767 9137400
0.789295 7418400
0.655821 4657200
0.946242 9082800
0.843844 4267200
0.693185 4630200
0.599164 7940400
0.638294 7940400
0.719712 7940400
0.638701 4624800
0.693263 7935000
0.824076 4240200
0.626006 4603200
0.690602 9878400
0.583753 4603200
0.744463 9862200
0.758486 4597800
0.526773 7902600
0.704164 4597800
0.652086 11622600
0.542411 7886400
0.801385 10245000
0.597258 4581600
0.698112 4581600
0.853614 4183200
0.679429 4570800
0.959034 4170000
0.675537 7848600
0.598461 4560000
0.766355 4560000
0.863146 8824800
0.705056 7837800
0.690361 4549200
0.731567 7832400
0.944566 4138800
0.845516 4132800
0.589352 4538400
0.861899 8755800
0.747055 4533000
0.702054 7810800
0.707249 4527600
0.739883 4527600
0.686454 12034800
0.831976 8718600
0.693835 11572800
0.652355 7778400
0.601602 9678600
0.559566 7778400
0.601543 9673200
0.681939 9673200
0.688039 7778400
0.694624 4511400
0.962558 8655000
0.657525 4506000
0.783141 4078200
0.722245 7762200
0.585140 12169800
0.500794 7746000
0.831421 9850200
0.686136 7735200
0.592939 7735200
0.849494 7012200
0.590867 7713600
0.594574 9586800
0.722605 4468200
0.685874 4468200
0.962074 4026000
0.907566 4014000
0.645113 7692000
0.975018 6961200
0.585185 4435800
0.725830 4435800
0.620839 4435800
0.907868 6941400
0.728550 9500400
0.871711 3973800
0.637594 7654200
0.673960 9457200
0.892702 6904800
0.789683 3952200
0.969517 6886800
0.598987 7616400
0.860344 6873000
0.914112 3933000
0.594859 4387200
0.773055 4387200
0.763267 4381800
0.631968 7594800
0.696758 4381800
0.905021 3907200
0.910726 3900000
0.669569 11089800
0.731733 9370800
0.871561 3885600
0.687397 9354600
0.743750 9349200
0.716161 4349400
0.506860 7546200
0.881957 6752400
0.570567 4327800
0.508529 4322400
0.779484 6730800
0.969759 3823800
0.954436 3817800
0.676255 7481400
0.610310 4300800
0.864449 3810600
0.588642 9246600
0.508988 9246600
0.647012 4295400
0.558766 4290000
0.865036 6673200
0.905907 3787200
0.765800 4279200
0.747011 7454400
0.655561 9198000
0.706720 7454400
0.876388 6647400
0.613307 4273800
0.897080 3763800
0.776228 6927600
0.627311 4257600
0.617775 13539600
0.685499 12561000
0.737797 7427400
0.806905 11327400
0.870482 6595200
0.569089 4241400
0.512998 7400400
0.788140 13447800
0.494648 7389600
0.671299 9073800
0.511968 7389600
0.499935 4236000
0.684767 7389600
0.745966 7389600
0.602292 4236000
0.643000 9068400
0.699784 7389600
0.695252 14805000
0.709350 11011800
0.611899 7389600
0.495103 9052200
0.764244 13867800
0.956306 6520800
0.781397 3692400
0.681105 4209000
0.762643 4209000
0.697902 7341000
0.884350 6474000
0.640141 4203600
0.873776 3664800
0.686798 8944200
0.945055 3651000
0.702791 4187400
0.941872 11458800
0.707999 7297800
0.585795 10714800
0.794920 3636000
0.680137 7281600
0.736646 4171200
0.511128 4171200
0.694435 7281600
0.667505 11945400
0.562825 10655400
0.680781 7281600
0.698007 8830800
0.866216 11133600
0.586155 4160400
0.787063 3603000
0.532534 4155000
0.892900 6354000
0.595709 8793000
0.569873 8771400
0.590809 8771400
0.651606 4138800
0.975610 9057600
0.529035 4133400
0.864616 3567600
0.863518 3561600
0.604323 7206000
0.868686 8999400
0.743271 4111800
0.870535 11049600
0.778429 6238200
0.695049 4095600
0.912174 3508200
0.696187 4079400
0.761358 12920400
0.643911 4074000
0.696659 12591000
0.667200 11383800
0.628772 11383800
0.545240 4063200
0.784344 3476400
0.699756 7087200
0.790745 8632200
0.696372 10066800
0.690796 10061400
0.776596 6104400
0.638164 11167800
0.651271 4030800
0.514265 4030800
0.845674 6079800
0.609398 4025400
0.752746 4025400
0.850003 3415800
0.685830 9985800
0.877911 9436800
0.941430 9811200
0.742363 6995400
0.939752 6012600
0.685324 3993000
0.810978 3382800
0.762823 10984200
0.912686 9681000
0.724903 9834600
0.950406 9147600
0.792630 9117600
0.669163 6925200
0.715009 3960600
0.826557 8091600
0.882653 5912400
0.944310 3328800
0.972688 8974800
0.732496 6876600
0.680937 3922800
0.914777 7950000
0.776086 3285600
0.908230 3279600
0.624189 6833400
0.516825 3901200
0.487873 3901200
0.729975 3895800
0.683479 3885000
0.584674 6806400
0.844871 3236400
0.935578 7773600
0.903254 3217800
0.861164 3205200
0.638765 3841800
0.675812 3841800
0.742879 3841800
0.675597 9370200
0.889299 3187800
0.877102 3181200
0.734123 6714600
0.972070 9264000
0.949092 5657400
0.867551 5645400
0.687241 9251400
0.551296 9246000
0.621174 10239000
0.657735 3804000
0.666936 6676800
0.894093 5615400
0.867106 3120000
0.543645 10152600
0.752178 3777000
0.744554 3777000
0.766481 3777000
0.551054 6633600
0.699673 6628200
0.776629 5955600
0.702516 3760800
0.542630 6617400
0.589578 6617400
0.766980 3755400
0.949313 7250400
0.743360 6595800
0.660978 3744600
0.782508 3061800
0.982959 5494200
0.501315 3723000
0.675930 9963600
0.748846 3712200
0.948752 3016800
0.895330 7034400
0.964220 7821600
0.667839 3690600
0.972112 2992200
0.685539 6514800
0.666496 8857200
0.518582 6514800
0.915797 6968400
0.687734 9785400
0.881278 6940200
0.876165 2970600
0.882036 6903600
0.682739 3663600
0.693856 3663600
0.688720 3663600
0.746623 6477000
0.501135 6477000
0.915309 5342400
0.784870 5312400
0.731131 8684400
0.687844 6423000
0.770929 8094000
0.593288 3625800
0.990231 5262000
0.546068 3620400
0.666073 8565600
0.658107 3620400
0.644999 3620400
0.730236 6401400
0.597732 8554800
0.726966 6401400
0.662495 6396000
0.718742 3615000
0.611081 9434400
0.922224 2882400
0.975448 5220600
0.591485 8522400
0.892912 2868600
0.697118 6374400
0.927436 2861400
0.590077 6363600
0.739610 6363600
0.507101 6363600
0.687897 3588000
0.692673 8473800
0.604685 3588000
0.857833 5175600
0.637957 6352800
0.932986 5161800
0.908103 8683200
0.977789 9129000
0.895649 8428200
0.645016 3550200
0.865682 8909400
0.887994 7729200
0.671985 8241600
0.691788 6266400
0.688364 6266400
0.653624 9862200
0.680747 8220000
0.491512 3539400
0.691483 3534000
0.873866 5042400
0.496956 3528600
0.585760 3528600
0.692869 10976400
0.495548 6250200
0.594921 6250200
0.777045 5023800
0.640207 3523200
0.688570 3517800
0.761027 6228600
0.584192 3512400
0.673735 6207000
0.752459 3501600
0.698301 3496200
0.676063 3496200
0.899912 7396200
0.543928 6174600
0.611228 6174600
0.594921 3463800
0.703452 3453000
0.508830 9977400
0.676651 3453000
0.648708 3447600
0.647143 3442200
0.913917 6543000
0.770681 3436800
0.486754 6115200
0.609162 6099000
0.683307 6099000
0.688622 6088200
0.658452 3420600
0.492319 3409800
0.676682 3404400
0.602189 9256200
0.582701 6061200
0.687563 3393600
0.736729 3393600
0.738363 6028800
0.731953 3388200
0.731784 3388200
0.700993 5991000
0.690649 5974800
0.542651 5974800
0.540867 5969400
0.576621 3361200
0.511989 3361200
0.767307 3361200
0.669818 5958600
0.652480 5958600
0.672837 9313200
0.670466 3350400
0.606428 3350400
0.719106 8881200
0.668779 3345000
0.526574 3339600
0.711410 5920800
0.496538 3339600
0.610065 3339600
0.690942 3334200
0.701381 3334200
0.705641 3334200
0.683892 5910000
0.769992 5904600
0.658501 3328800
0.758036 8530200
0.664081 3318000
0.677566 3312600
0.545096 8357400
0.613042 5845200
0.555006 3285600
0.695148 3285600
0.614808 5834400
0.744485 5834400
0.680570 3280200
0.644819 5823600
0.671372 3269400
0.615508 5802000
0.657372 3247800
0.687347 5780400
0.638425 3247800
0.760535 3242400
0.762179 5737200
0.684756 5737200
0.537660 5715600
0.578102 5715600
0.680657 5715600
0.774083 11489400
0.715023 8544600
0.773693 13924800
0.857016 10507800
0.893938 9079200
0.679094 3177600
0.536922 3177600
0.800856 10387800
0.633611 3172200
0.640797 3172200
0.861675 6988800
0.704964 3150600
0.718755 10342200
0.702013 3145200
0.597388 12643200
0.680435 3145200
0.873227 10214400
0.616656 10304400
0.728869 3134400
0.762300 5564400
0.605180 5548200
0.497218 13725000
0.941752 9988200
0.820469 6802200
0.699963 3107400
0.583633 3107400
0.702631 3107400
0.573601 8242200
0.678481 3102000
0.757779 12804000
0.657567 8231400
0.577119 8204400
0.765106 3091200
0.950016 6679800
0.482591 9996600
0.637441 9996600
0.662919 5461800
0.873720 11041800
0.880595 8339400
0.897482 8302800
0.494491 3048000
0.675246 5407800
0.565242 3048000
0.722349 3042600
0.599842 5375400
0.793822 10055400
0.813226 6438000
0.499814 12769200
0.944175 10248000
0.925726 8016000
0.497213 7934400
0.649670 10865400
0.834576 6346800
0.493244 2999400
0.791883 7939200
0.550111 2994000
0.781003 7859400
0.526326 7826400
0.688439 2972400
0.587757 10654800
0.683833 2961600
0.738704 2961600
0.795788 9724200
0.766852 5213400
0.510390 5213400
0.614577 2950800
0.674156 2950800
0.692269 5202600
0.725999 5202600
0.696571 5202600
0.593980 9391800
0.664957 5202600
0.537941 9386400
0.949594 8701800
0.554736 2940000
0.661877 9337800
0.680581 2934600
0.725377 11459400
0.691374 9327000
0.711385 2934600
0.743623 10460400
0.903120 9052800
0.708515 7664400
0.653239 10384800
0.757604 7588800
0.807113 8761800
0.684840 9089400
0.559124 10726200
0.676314 10163400
0.513176 5083800
0.748741 2864400
0.675950 9003000
0.502058 10973400
0.773470 10797600
0.505900 2864400
0.791198 5733600
0.643882 10510200
0.762703 10499400
0.591680 10499400
0.721402 10789800
0.644711 7453800
0.607014 10434600
0.637969 7426800
0.705531 8862600
0.567378 8857200
0.757195 8846400
0.571627 8830200
0.722670 7383600
0.865411 5560200
0.492802 10487400
0.634244 8716800
0.511038 8706000
0.579600 9699000
0.742853 10083600
0.746679 9693600
0.859568 7497600
0.851631 5449200
0.652591 10614600
0.694489 7254000
0.689545 7254000
0.751959 7248600
0.499409 7200000
0.885451 5285400
0.899126 5265000
0.721783 10366200
0.775071 7129800
0.752197 8441400
0.662449 9385800
0.720492 7075800
0.597889 9342600
0.717173 7070400
0.632078 8284800
0.598620 7005600
0.662388 8220000
0.958622 6816000
0.688861 6978600
0.961477 4999800
0.682667 8166000
0.675324 8128200
0.533011 8101200
0.626092 8079600
0.931452 4875000
0.492636 6800400
0.968600 4762800
0.805740 4744800
0.860507 4711200
0.763031 6741000
0.765382 6719400
0.687801 6719400
0.771628 6697800
0.633556 6697800
0.729262 8597400
0.635991 10517400
0.732472 9451800
0.978027 8049000
0.701020 6649200
0.852238 7027200
0.847636 6421200
0.657382 6562800
0.588628 9553200
0.603947 6498000
0.909081 5953800
0.609001 6454800
0.680869 6438600
0.875976 4224000
0.692349 6336000
0.692498 6319800
0.963591 4047600
0.771418 6244200
0.635090 8096400
0.965679 4015800
0.680505 6179400
0.749943 6163200
0.593569 6163200
0.781338 3909000
0.664534 6141600
0.779210 6027000
0.928556 3846600
0.596959 6012000
0.670885 8460000
0.576646 6006600
0.777076 4788000
0.920003 3676200
0.832494 3636000
0.495501 5941800
0.642256 5931000
0.753699 5887800
0.766778 5855400
0.538204 5785200
0.513173 5763600
0.715304 5715000
0.496974 5709600
0.550637 5693400
0.498824 5682600
0.683975 5666400
0.680886 5661000
0.718460 8948400
0.580003 5553000
0.622386 5536800
0.560993 8856600
0.688125 8840400
0.866952 7704600
0.894300 7569600
0.698228 7329000
0.782490 7714200
0.665470 5418000
0.896942 4711200
0.870253 6733800
0.683426 7210200
0.850753 4629000
0.949655 7741800
0.699741 9235800
0.740708 10447200
0.507457 10425600
0.937893 4507200
0.936432 5589600
0.940680 6853800
0.974063 6046800
0.592351 8095200
0.591062 8041200
0.973126 4008600
0.607317 6686400
0.590130 7809000
0.875341 5771400
0.727380 8667600
0.497199 7609200
0.668128 6448800
0.697521 8145000
0.957481 3565200
0.609529 7387800
0.718024 8100600
0.757820 7177200
0.712808 7047600
0.973841 3976200
0.593795 7979400
0.871757 2946000
0.775980 5448600
0.944392 2883000
0.727088 5703600
0.610899 6594000
0.618980 7185600
0.683667 6415800
0.498035 5428200
0.545167 6372600
0.559897 5428200
0.656537 5374200
0.772103 6216000
0.752369 6075600
0.675458 5179800
0.707307 8011800
0.681301 5919000
0.701960 7806600
0.496388 5012400
0.774450 7509600
0.892344 3397800
0.689417 5688000
0.592791 5487000
0.764374 5040000
0.558017 5241600
-------
