0.066072 0
0.001428 0
0.909405 0
0.823767 0
0.035224 0
0.718432 0
0.981425 0
0.648401 0
0.431076 0
0.771431 0
0.286177 0
0.481024 0
0.907808 0
0.792616 0
0.403456 0
0.365116 0
0.393635 0
0.349162 0
0.482455 0
0.277309 0
0.252332 0
0.184090 0
0.143955 0
0.384490 0
-------
-------
0.067954 0
0.001298 0
1.000000 0
0.905930 0
0.822983 0
0.032688 0
0.716104 0
0.719069 0
0.983790 0
0.074841 0
0.394355 0
0.528090 0
0.648918 0
0.894114 0
0.433097 0
0.773360 0
0.287868 0
0.483343 0
0.701399 0
0.220068 0
0.972239 0
0.000000 0
0.707321 0
0.064548 0
-------
-------
0.071250 0
0.002064 0
0.999833 0
0.902080 0
0.822461 0
0.032912 0
0.712924 0
0.720279 0
0.987247 0
0.077635 0
0.392330 0
0.524793 0
0.000000 0
1.000000 0
0.824839 0
0.070436 0
0.623692 0
0.909966 0
0.110077 0
0.787995 0
0.636905 0
0.992321 0
0.002893 0
0.335109 0
-------
-------
0.070299 0
0.002064 0
0.998250 0
0.374772 0
0.899614 0
0.820104 0
0.032903 0
0.710381 0
0.717542 0
0.987040 0
0.078554 0
0.389679 0
0.527889 0
0.713255 0
0.004048 0
0.456210 0
0.125433 0
1.000000 0
0.133976 0
0.000000 0
0.862444 0
0.668449 0
0.917312 0
0.921981 0
-------
-------
0.066408 0
0.002487 0
0.995730 0
0.378054 0
0.897816 0
0.819567 0
0.032961 0
0.711146 0
0.717218 0
0.013048 0
0.987116 0
0.076404 0
0.389921 0
0.288010 0
0.703022 0
0.000000 0
0.000000 0
1.000000 0
0.072661 0
0.626432 0
0.314152 0
0.856231 0
0.721306 0
0.937106 0
-------
-------
0.063215 0
0.004191 0
0.995541 0
0.376585 0
0.895563 0
0.816679 0
0.030699 0
0.709070 0
0.718661 0
0.009776 0
0.988941 0
0.072519 0
0.000000 0
0.830082 0
0.990603 0
0.068625 0
0.645989 0
0.757350 0
0.000000 0
0.003734 0
1.000000 0
1.000000 0
0.044928 0
0.336154 0
-------
-------
0.062946 0
0.003973 0
0.996771 0
0.380043 0
0.896689 0
0.033804 0
0.812911 0
0.028438 0
0.711855 0
0.716951 0
0.008778 0
0.986382 0
0.070759 0
0.989704 0
0.972391 0
0.670664 0
0.072877 0
0.030388 0
0.742149 0
0.967330 0
0.903788 0
0.009971 0
0.000000 0
0.313179 0
-------
-------
0.062324 0
0.001369 0
0.997868 0
0.377346 0
0.898947 0
0.030072 0
0.812705 0
0.032393 0
0.714522 0
0.716470 0
0.008706 0
0.983883 0
0.707480 0
0.926316 0
0.097882 0
0.000000 0
0.797026 0
0.000000 0
0.410959 0
0.759276 0
0.000000 0
0.069620 0
0.965749 0
0.952508 0
-------
-------
0.060986 0
0.004776 0
0.999467 0
0.376975 0
0.898773 0
0.030089 0
0.943205 0
0.816034 0
0.030963 0
0.718069 0
0.712800 0
0.010898 0
0.982399 0
0.982555 0
0.780508 0
0.097674 0
0.107064 0
1.000000 0
0.083189 0
0.000000 0
0.070295 0
0.675652 0
0.355685 0
0.689382 0
-------
-------
0.064483 0
0.004517 0
0.995771 0
0.374391 0
0.767349 0
0.900223 0
0.027150 0
0.945007 0
0.818419 0
0.027507 0
0.720752 0
0.709279 0
0.012642 0
0.000000 0
0.015313 0
0.951838 0
0.090924 0
0.727357 0
0.000000 0
0.081483 0
0.834042 0
0.446968 0
0.784601 0
1.000000 0
-------
-------
